Chr Pos p
1 157104 0.17297
1 1947984 0.07206
1 2914066 0.82472
1 2914171 0.82869
1 2915078 0.73081
1 2915242 0.05353
1 2973508 0.25
1 3205252 0.08382
1 3205262 0.72653
1 3206090 0.22802
1 3706018 0.29612
1 4175293 0.59885
1 4429897 0.31466
1 4429927 0.27177
1 4430055 0.22123
1 4490461 0.08755
1 5353319 0.07572
1 5562502 0.72211
1 8075572 0.96064
1 8366368 0.97108
1 8366411 0.26221
1 8367944 0.83607
1 8510027 0.03879
1 9023947 0.00697
1 9024005 2.8321E-4
1 9029842 0.10865
1 9084948 0.35342
1 9084979 0.42365
1 9273299 0.62899
1 9300391 0.67574
1 9300541 0.77169
1 10065856 0.56328
1 10066126 0.29048
1 10067544 0.23001
1 10067604 0.03599
1 10067852 0.04781
1 10068726 0.17379
1 10069039 0.06738
1 10069145 0.4698
1 12208400 0.38609
1 12208569 0.89188
1 12209727 0.28728
1 12906197 0.83543
1 12907213 0.5068
1 14463283 0.88336
1 14463522 0.34436
1 14464249 0.85592
1 14578834 0.00831
1 14898863 0.14199
1 16530875 0.14526
1 17595070 0.34005
1 17595139 0.87081
1 17601375 0.76599
1 17601417 0.03181
1 17601517 0.05372
1 17601571 0.21867
1 17601655 0.04815
1 17680592 0.13232
1 18908016 0.71952
1 21457474 0.47738
1 21457569 0.58946
1 22281738 0.49906
1 22601426 0.65098
1 22918337 0.2947
1 23266657 0.50475
1 23267335 0.35984
1 23267835 0.43472
1 23267898 0.99577
1 25035053 0.94454
1 25035236 0.56084
1 26283149 0.70966
1 26283224 0.46162
1 26283293 0.30832
1 26449707 0.80735
1 28084996 0.42143
1 28085057 0.22218
1 28085224 0.94461
1 28526476 0.51824
1 28526850 0.50867
1 32583282 0.04885
1 32627736 0.53087
1 34326335 0.76867
1 34388212 0.93567
1 34479054 0.72469
1 34479214 0.86887
1 34724095 0.22642
1 35620725 0.76752
1 35620809 0.79422
1 35621803 0.77038
1 35621919 0.57738
1 36548526 0.4873
1 36548537 0.37644
1 36548621 0.70861
1 41231748 0.45907
1 41231931 0.44892
1 41390404 0.19915
1 41505016 5.4693E-4
1 41505211 0.1934
1 44506999 0.85621
1 44531771 0.95023
1 44531888 0.65039
1 44532279 0.1831
1 44532330 0.48802
1 44535266 0.50187
1 44535423 0.75143
1 44691505 0.77922
1 45278871 0.89275
1 45675182 0.57188
1 46064887 0.05478
1 46064981 0.2822
1 46065083 0.29882
1 46065084 0.33971
1 46255037 0.93035
1 46255059 0.52147
1 46810807 0.10312
1 46810918 0.75771
1 47280990 0.29388
1 49531663 0.53475
1 49531723 0.5955
1 49533656 0.76896
1 50197162 0.15038
1 51514610 0.67797
1 51514741 0.4267
1 51514784 0.44447
1 53357515 0.109
1 53357638 0.31337
1 53431113 0.48596
1 54049220 0.19188
1 55173916 0.11586
1 56175806 0.07162
1 56846640 0.15657
1 56846728 0.7182
1 56885823 0.82701
1 59647300 0.29731
1 60212051 0.43822
1 60212360 0.16215
1 63030387 0.33347
1 63913289 0.5423
1 63913517 0.30258
1 63913569 0.96416
1 64260629 0.53023
1 64260661 0.05243
1 64261105 0.85786
1 64261162 0.71827
1 65108131 0.90387
1 65825628 0.60985
1 68322855 0.3924
1 68322875 0.26576
1 74579886 0.47231
1 74580051 0.61194
1 76054042 0.03483
1 80803012 0.59907
1 82563962 0.58781
1 83595286 0.65613
1 83595353 0.30845
1 88380734 0.77132
1 88380741 0.96182
1 88380847 0.44187
1 88380865 0.83491
1 90772226 0.07121
1 90772275 0.03255
1 90772459 0.26177
1 91279352 0.74771
1 91391968 0.10175
1 91392495 0.49622
1 91392609 0.2512
1 91429024 0.87708
1 91429158 0.02089
1 96545939 0.15244
1 101421538 0.51295
1 106026234 0.59397
1 106204446 0.04701
1 114236990 0.93194
1 118507445 0.04231
1 119703101 0.02304
1 123936959 0.37834
1 137862451 0.68026
1 148524993 0.61766
1 148694799 0.07442
1 148694900 0.32392
1 148694930 0.1797
1 150749370 0.98227
1 161072169 0.37532
1 173860756 0.27134
1 174183331 9.8374E-4
1 175157930 0.48928
1 175158066 0.2461
1 175158899 0.99429
1 175158988 0.26093
1 175504926 0.23415
1 179852076 0.2392
1 180171012 0.19035
1 182386577 0.06244
1 182391102 0.73469
1 183647544 0.54567
1 183831590 0.46921
1 188047564 0.14115
1 188047739 0.92825
1 188047850 0.43209
1 193887303 0.21973
1 193887369 0.34686
1 195425179 0.79023
1 195589422 0.04939
1 195589541 0.05226
1 196927608 0.36225
1 199755501 0.00198
1 199755531 0.01468
1 201295597 0.57832
1 201295773 0.72043
1 201677675 0.72498
1 202132005 0.58964
1 202135195 0.1192
1 202381257 0.82908
1 202619562 0.19151
1 202619843 0.17865
1 202619995 0.91114
1 202620610 0.77343
1 203035464 0.43878
1 203385274 0.16624
1 203879850 0.91602
1 204199305 0.7251
1 204199508 0.71826
1 206168095 0.92877
1 206168158 0.97767
1 206590338 0.47713
1 206590497 0.22705
1 208143724 0.02465
1 212244300 0.53551
1 212244425 0.02923
1 212307274 0.89034
1 212557676 0.72369
1 213323483 0.93986
1 213323513 0.77006
1 213323599 0.79882
1 213323899 0.25491
1 214745681 0.10519
1 214745789 0.46521
1 214746095 0.47395
1 215472483 0.38092
1 216927159 0.57537
1 216988578 0.76689
1 216989646 0.87088
1 219201506 0.24749
1 219400051 0.53583
1 219400178 0.50178
1 219400314 0.3386
1 219400450 0.57815
1 219401036 0.95585
1 219401367 0.08018
1 222014810 0.4676
1 222427156 0.65729
1 223466480 0.40234
1 223466873 0.69536
1 224421551 0.48955
1 224421962 0.09164
1 224518409 0.23786
1 224518576 0.43904
1 226781494 0.55869
1 227542648 0.65188
1 227602208 0.72544
1 231037305 0.86194
1 231037458 0.66586
1 231039372 0.76863
1 233401031 0.28767
1 233401072 0.04765
1 233401162 0.37796
1 233401241 0.22872
1 237639087 0.83836
1 238902012 0.43701
1 238902078 0.2434
1 238902091 0.55811
1 238902135 0.6977
1 238902252 0.56708
1 240498509 0.16696
1 240498948 0.70855
1 240499513 0.29671
1 240501065 0.4424
1 240501138 0.45594
1 240574247 0.13814
1 240574310 0.88165
1 240574367 0.21292
1 241424828 0.43052
1 241430615 0.37736
1 241432880 0.98646
1 245136244 2.1126E-4
1 245136273 0.48411
1 245136387 0.12547
1 247821390 0.51402
1 248503298 0.48222
1 249259485 0.60763
1 251142538 0.91722
1 252721946 0.47734
1 252722026 0.22628
1 255148812 0.10467
1 255148947 0.79838
1 255487200 0.71798
1 256245118 0.44132
1 258495441 0.47493
1 260297200 0.71508
1 260688178 0.90894
1 261275414 0.3121
1 261313982 0.61039
1 261859081 0.02998
1 262339533 0.95545
1 262715518 0.3073
1 263276112 0.95753
1 263276335 0.93484
1 263337129 0.07434
1 263337243 0.01139
1 264847406 0.66349
1 264847429 0.90752
1 264847469 0.5169
1 264847721 0.68231
1 264847950 0.34383
1 264847982 0.36757
1 264847985 0.37212
1 264855731 0.28221
1 264856041 0.24689
1 264856106 0.22659
1 265199563 0.93851
1 265199818 0.55156
1 265199938 0.41865
1 265201499 0.05077
1 266953775 0.53744
1 266954041 0.61173
1 266955990 0.77534
1 266956231 0.61374
1 267615478 0.05988
1 267615649 0.22916
1 268082543 0.81156
1 268082607 0.39078
1 268369569 0.55574
1 268369718 0.27325
1 268369942 0.66454
1 268370364 0.01672
1 268370415 0.39436
1 268371949 0.07008
1 268373103 0.28376
1 268373267 0.39205
1 268373269 0.66382
1 268373293 0.54066
1 268373339 0.19493
1 268373504 0.30575
1 268373562 0.13498
1 270002291 0.26627
1 270364551 0.95482
1 272318990 0.65832
1 273531917 0.39146
1 275190900 0.03855
1 275982031 0.61508
1 275983631 0.89319
1 275983798 0.73739
1 275983912 0.57971
1 276320129 0.92545
1 276320365 0.49912
1 276321097 0.85801
1 276645374 0.91218
1 278690966 0.34068
1 280215046 0.42925
1 280215196 0.89223
1 280719532 0.58849
1 280719719 0.32534
1 280719787 0.52006
1 280719882 0.03263
1 281818425 0.28045
1 282044048 0.24612
1 284407357 0.34119
1 284564734 0.41329
1 285273545 0.32503
1 285273845 0.08566
1 285273907 0.95718
1 285364096 0.39475
1 285364179 0.55097
1 285421542 0.22714
1 285421736 0.82245
1 285421905 0.81624
1 285891340 0.98248
1 285977254 0.36311
1 285977341 0.19175
1 285977386 0.08906
1 286269951 0.43696
1 286270485 0.08302
1 286271514 0.00102
1 286271692 0.96442
1 286271849 0.9699
1 286642520 0.07484
1 286642578 0.22245
1 286642715 0.01321
1 286642725 0.00791
1 286642765 1.136E-4
1 287175779 0.11719
1 287179850 0.00475
1 287641039 0.9184
1 287641051 0.22631
1 288441116 0.9819
1 288441342 0.38503
1 290049345 0.26205
1 290049468 0.95124
1 290199645 0.8732
1 290807362 0.27736
1 291032046 0.39875
1 291032289 0.2125
1 291032576 0.12104
1 291738801 0.2161
1 291738809 0.38605
1 291833188 0.15807
1 291833767 0.40346
1 291834351 0.10918
1 291983663 0.20493
1 292092865 0.17165
1 292560595 0.88109
1 292728854 0.48447
1 292728923 0.05061
1 293632633 0.5607
1 293632755 0.18565
1 293632805 0.05699
1 293907804 0.78682
1 294311411 0.35092
1 294333956 0.86698
1 294472124 0.94364
1 294646235 0.33021
1 294646407 0.60985
1 294674358 0.90377
1 294904680 0.08158
1 294904743 0.63098
1 294904764 0.27357
1 295770969 0.47268
1 295771060 0.19532
1 295771335 0.88563
1 295785198 0.84534
1 297315711 0.81006
1 297570924 0.94895
1 298082468 0.49435
1 298082534 0.19835
1 298412935 0.13172
1 298412984 0.36908
1 298413091 0.31729
1 298413352 0.34161
2 1081781 0.86981
2 1081791 0.52969
2 1174310 0.53883
2 1174438 0.84251
2 1220908 0.18884
2 1221350 0.48316
2 1221385 0.23247
2 2483775 0.07593
2 2483787 0.85112
2 2483836 0.46994
2 2527199 0.00448
2 2527379 0.16358
2 2527442 0.59428
2 2793372 0.354
2 2795242 0.14276
2 3173329 0.69
2 3173529 0.96381
2 4177434 0.01305
2 4177515 0.6493
2 4180789 0.12724
2 4679573 0.34037
2 4679610 0.70506
2 5058124 0.43388
2 5821096 0.58005
2 5923120 0.65606
2 6041279 0.77519
2 6041506 0.48702
2 6425970 0.31554
2 6470320 0.76871
2 7473327 0.63476
2 7473491 0.01787
2 7473644 0.39908
2 7480688 0.29433
2 7480880 0.08168
2 7481079 0.79685
2 7481522 0.31118
2 7482369 0.85946
2 7482709 0.35723
2 9400242 0.2719
2 9400477 0.33493
2 9400673 0.67067
2 9401003 0.48071
2 9401124 0.35561
2 9401212 0.50882
2 9401239 0.20511
2 9401316 0.64338
2 9401336 0.56736
2 9917183 0.96186
2 10429405 0.87873
2 10429605 0.1407
2 10533421 0.59504
2 11193471 0.14736
2 11678938 0.70953
2 11924901 0.29908
2 12543294 0.24966
2 12544637 0.23671
2 12544790 0.50879
2 13199808 0.58395
2 13242487 0.06252
2 13779884 0.27022
2 13779970 0.10193
2 14751136 0.39797
2 15810363 0.00697
2 17015152 0.20429
2 17268906 0.23677
2 18125201 0.22226
2 19837491 0.6643
2 19837545 0.31291
2 20042233 0.72267
2 20042386 0.26179
2 20042412 0.58084
2 20722170 0.85243
2 20722655 0.34406
2 20958246 0.14428
2 20958307 0.87917
2 20958616 0.13389
2 21202350 0.14428
2 21203230 0.15811
2 21991242 0.89123
2 22196255 0.8402
2 22429044 0.136
2 22429119 0.12118
2 22808653 0.42291
2 24893433 0.07959
2 24893463 0.08225
2 25230561 0.49183
2 25924769 0.41731
2 27403404 0.70661
2 27403428 0.21011
2 27403490 0.21013
2 27403594 0.91654
2 27403660 0.25383
2 27403823 0.22653
2 27403986 0.4916
2 27404108 0.18627
2 27404126 0.09744
2 27404261 0.08026
2 27404343 0.37895
2 27404419 0.47269
2 27790383 0.91063
2 27790401 0.63872
2 27790566 0.54092
2 27791160 0.45978
2 29977973 0.24056
2 31394426 0.64305
2 31946302 0.66048
2 32949215 0.76006
2 33824834 0.40858
2 35040818 0.10213
2 35753260 0.3535
2 36943058 0.47591
2 37328085 0.16544
2 37328160 0.2366
2 37328339 0.97766
2 37328362 0.87689
2 37328439 0.20886
2 38352327 0.35459
2 39040619 0.26932
2 39040641 0.26037
2 39040780 0.24765
2 39041029 0.68979
2 39041048 0.43037
2 39041117 0.47743
2 39041317 0.72038
2 40967991 0.87039
2 41493380 0.32032
2 42722721 0.1419
2 43256857 0.24402
2 43256960 0.65328
2 43923340 0.33513
2 43923359 0.20705
2 43923377 0.70974
2 43923473 0.40027
2 44606521 0.16902
2 44606542 0.11659
2 44606596 0.30305
2 44880958 0.67482
2 44881342 0.71357
2 47575949 0.08955
2 49160699 0.9104
2 51780601 0.31622
2 51784790 0.32004
2 51785014 0.42274
2 51785517 0.86781
2 51785620 0.57193
2 56773455 0.07257
2 56773640 0.12757
2 56930205 0.54055
2 56930271 0.93514
2 58354634 0.48829
2 58354695 0.31767
2 58472853 0.29591
2 59600768 0.98884
2 59600797 0.67484
2 59600932 0.89673
2 62802971 0.41413
2 62804122 0.10762
2 62804286 0.50925
2 63547171 0.91925
2 63547199 0.44632
2 68655603 0.14322
2 69623218 0.10085
2 74221735 0.71189
2 74221900 0.73575
2 74221960 0.84187
2 83201598 0.71248
2 89520665 0.21474
2 103493947 0.60018
2 104938493 0.13295
2 107146789 0.7244
2 118120373 0.49079
2 121241431 0.73017
2 125642617 0.63049
2 128180134 0.44389
2 128180206 0.38163
2 128573571 0.34382
2 128574019 0.43422
2 131092176 0.48697
2 131092420 0.90169
2 136267079 0.76795
2 136267644 0.04306
2 139752027 0.06428
2 139752077 0.36458
2 140014895 0.37371
2 140264825 0.80208
2 140264872 0.77931
2 141942735 0.03329
2 141942814 0.07093
2 144527921 0.30425
2 144528504 0.41916
2 148837537 0.65836
2 148837564 0.85378
2 149428645 0.15778
2 150984061 0.67794
2 157152675 0.27546
2 157316199 0.28495
2 157316321 0.13839
2 157316550 0.28887
2 158767674 0.84778
2 160125620 0.27125
2 160125895 0.91255
2 161879250 0.20773
2 164561951 0.47859
2 166659759 0.47821
2 166660386 0.75744
2 166660980 0.83891
2 166661063 0.63453
2 167759231 0.51233
2 168377989 0.99848
2 168378080 0.62664
2 168860137 0.97282
2 169265278 0.23284
2 169524428 0.51748
2 169976110 0.07228
2 169989408 0.07598
2 170377814 0.80058
2 170377897 0.51778
2 170377910 0.55925
2 170899280 0.33724
2 170899522 0.68062
2 170899849 0.51482
2 173848055 0.2731
2 173848095 0.65026
2 173848369 0.74354
2 173849191 0.34969
2 173849260 0.8157
2 173849428 0.83659
2 176000581 0.43662
2 176000714 0.91149
2 177293723 0.54898
2 179826404 0.35267
2 179826439 0.16224
2 179826461 0.57019
2 186510935 0.34605
2 186511034 0.15476
2 186512251 0.67852
2 186512293 0.13971
2 187149215 0.8549
2 187225116 0.91199
2 187225134 0.0466
2 187225194 0.38699
2 187495401 0.40389
2 189293647 0.95269
2 192125202 0.02048
2 192602324 0.76047
2 193285270 0.14251
2 193321985 0.8541
2 193996904 0.12543
2 195215389 0.95727
2 195555350 0.13788
2 195834649 0.66586
2 195938817 0.63543
2 196001003 0.57728
2 196280808 0.97064
2 197109533 0.05111
2 198756269 0.03863
2 198756501 0.34006
2 198757428 0.04774
2 198757542 0.03503
2 198757777 0.03459
2 198780031 0.02774
2 199411414 0.98562
2 200020987 0.4895
2 200021207 0.44799
2 201957482 0.14386
2 201957593 0.17232
2 202113207 0.42021
2 202113464 0.48414
2 202113539 0.21539
2 206881202 0.87158
2 206974778 0.29833
2 208276510 0.57311
2 208388351 0.39758
2 208388467 0.53908
2 208388592 0.15404
2 208388718 0.75708
2 209504204 0.22552
2 209504254 0.06118
2 209505940 0.03312
2 209506155 0.14007
2 209507219 0.86738
2 210924384 0.61299
2 212960231 0.33966
2 213615257 0.54343
2 213668709 0.34911
2 214263400 0.17014
2 214339839 0.62324
2 214423402 0.51193
2 214423504 0.56163
2 214647155 0.41112
2 216832881 0.08179
2 216832995 0.38152
2 216833071 0.9131
2 217788232 0.34881
2 219554914 0.81124
2 220264713 0.77679
2 220397345 0.32886
2 221891382 0.02703
2 222134965 0.48479
2 222135246 0.03138
2 222280629 0.25089
2 222280720 0.31944
2 222280823 0.0235
2 222280901 0.03053
2 225848026 0.22246
2 226450170 0.64097
2 227921381 0.61978
2 228972770 0.23034
2 228972835 0.03011
2 228991006 0.17213
2 233128511 0.69369
2 233128584 0.29177
2 233128701 0.40025
2 233128987 0.66379
2 233129091 0.8674
2 233129136 0.92189
2 233129138 0.97667
2 233873436 0.51786
2 233873786 0.0611
2 233876178 0.6407
2 233876337 0.93017
2 234574846 0.29373
2 234574991 0.31671
3 1240310 0.60008
3 1682341 0.72645
3 1882706 0.33704
3 1882847 0.77168
3 4138512 0.56779
3 4824552 0.23015
3 4824779 0.32414
3 5232441 0.61218
3 5479958 0.1953
3 5479991 0.57782
3 5480402 0.36586
3 5480980 0.57213
3 5481011 0.41055
3 5748224 0.10334
3 5748362 0.49195
3 5748473 0.97808
3 6547051 0.4781
3 6733476 0.57509
3 7410038 0.80684
3 7428361 0.36924
3 7429527 0.055
3 7602160 0.87218
3 7602186 0.4663
3 8341160 0.43167
3 9124976 0.20801
3 9125043 0.0712
3 9598936 0.97441
3 11414308 0.25888
3 11414383 0.25005
3 11414423 0.51999
3 11895612 0.62509
3 12965736 0.46896
3 17184071 0.12026
3 17184120 0.47844
3 17184237 0.58294
3 18361979 0.50715
3 23329881 0.53936
3 23999118 0.42394
3 27040373 0.43643
3 27198692 0.21568
3 27198816 0.19963
3 27199404 0.43222
3 27199765 0.48838
3 27981649 0.94824
3 29693390 0.62987
3 29693561 0.27614
3 31695391 0.39824
3 31695534 0.47474
3 31695569 0.54976
3 32080895 0.79933
3 32449584 0.56717
3 37536931 0.24162
3 39489976 0.5254
3 39490060 0.64079
3 39992968 0.849
3 39992991 0.3562
3 40198671 0.63219
3 43868043 0.18908
3 43868067 0.15503
3 43868070 0.21002
3 43868105 0.40752
3 43868122 0.81435
3 51967230 0.28725
3 53548967 0.19147
3 53549251 0.80943
3 54127608 0.81132
3 54127888 0.54153
3 55946581 0.00606
3 55946639 0.00329
3 56747948 0.00108
3 57966892 0.00814
3 58616503 0.41284
3 63847564 0.15148
3 64730607 0.94524
3 66922282 0.04591
3 67283995 0.28878
3 67284067 0.36828
3 69079684 0.77516
3 82173052 0.55776
3 97441783 0.04471
3 101980017 0.77323
3 108233038 0.38176
3 110715343 0.06704
3 110715956 0.16569
3 110719489 0.15558
3 110719558 0.89151
3 115392917 0.85967
3 115393003 0.43842
3 115393037 0.49886
3 120046370 0.35378
3 120915609 0.93126
3 120915670 0.77196
3 120915712 0.90076
3 120915995 0.69036
3 120916059 0.58488
3 122631251 0.18244
3 122632051 0.68251
3 122632201 0.25766
3 123785075 0.32695
3 125077922 0.97753
3 125192322 0.26118
3 125192339 0.20008
3 133480594 0.09207
3 133481473 0.31083
3 133482561 0.00221
3 133483395 0.0811
3 134850306 0.9038
3 136356797 0.42546
3 136357534 0.51501
3 139668467 0.211
3 142431173 0.19221
3 142821031 0.97049
3 143853993 0.33353
3 144466196 0.06261
3 144466243 0.76993
3 144466246 0.05208
3 144466414 0.43662
3 145421006 0.72734
3 148153258 0.45187
3 148153805 0.16873
3 148154058 0.49238
3 150829954 0.53753
3 150830416 0.17502
3 150830673 0.85592
3 150830782 0.49898
3 150837246 0.12549
3 150837488 0.74508
3 155566732 0.60755
3 155576390 0.48565
3 155818939 0.39786
3 156252241 0.25832
3 156252478 0.56626
3 157104591 0.41937
3 157263770 0.6095
3 157317264 0.89944
3 157640380 0.19254
3 157640764 0.08732
3 157640944 0.17549
3 157646430 0.35194
3 159253652 0.52336
3 159253667 0.45534
3 159996138 0.49586
3 161516074 0.57349
3 161516227 0.28248
3 161572823 0.2267
3 162186725 0.95218
3 162186937 0.24955
3 162187057 0.56855
3 163615279 0.77165
3 163617500 0.47709
3 163617645 0.12789
3 163618301 0.07188
3 163618708 0.23527
3 164833462 0.69773
3 165800369 0.52776
3 165901548 0.04418
3 167581102 0.13997
3 167581373 0.26862
3 168443563 0.49403
3 168443662 0.34245
3 168443677 0.26308
3 168443701 0.75038
3 168443704 0.65978
3 169757113 0.0012
3 169757331 0.63223
3 169771952 0.2924
3 171364486 0.00395
3 171364514 0.37347
3 171364540 0.68456
3 171821889 0.77514
3 171935683 0.11369
3 171935933 0.02491
3 174550727 0.48748
3 175051278 0.05223
3 175051298 0.05064
3 175051721 0.16032
3 175051925 0.04831
3 178229653 0.00386
3 178229838 0.02764
3 178234880 0.62949
3 178235128 0.01239
3 180294773 0.09481
3 180341088 0.40912
3 180341137 0.69253
3 180341381 0.41826
3 180532130 0.56127
3 180532218 0.65566
3 180533618 0.63235
3 184718109 0.84434
3 185290073 0.48113
3 185290132 0.45914
3 185290309 0.39687
3 185290956 0.29792
3 185316030 0.15962
3 185317151 0.03694
3 185317395 0.1043
3 185317458 0.84441
3 185318086 0.01928
3 185318330 0.33959
3 185760526 0.57316
3 185989508 0.47246
3 186186953 0.2001
3 186580149 0.27701
3 186580208 0.49847
3 186580210 0.24301
3 186580250 0.29236
3 187604432 0.72644
3 187604478 0.37818
3 189138003 0.32639
3 189437413 0.01758
3 189861328 0.64063
3 191863818 0.30571
3 191864249 0.26234
3 192236275 0.07987
3 192865132 0.41293
3 193565357 0.4259
3 193565631 0.62173
3 193565736 0.70311
3 193566873 0.20179
3 193567255 0.52765
3 194250329 0.04374
3 194250404 0.32724
3 194643731 0.26113
3 194643852 0.01928
3 195407066 0.65319
3 196191461 0.7543
3 196870327 0.65024
3 197797720 0.24306
3 199886201 0.76379
3 200142461 0.59343
3 200142700 0.00955
3 201790247 0.85466
3 202363996 0.06869
3 202364106 0.26422
3 202364418 0.05539
3 202569690 0.86286
3 202569749 0.48522
3 203908761 0.25002
3 206760654 0.77763
3 206760693 0.79448
3 206889455 0.9839
3 206889707 0.6088
3 206889794 0.74237
3 208180035 0.66744
3 209957849 0.08908
3 210558393 0.73202
3 210635720 0.14419
3 212725801 0.55695
3 212726119 0.96633
3 214272799 0.11527
3 214272814 0.01882
3 214272883 0.12007
3 214273072 0.54475
3 214838405 0.47762
3 214839793 0.81989
3 214840195 0.70963
3 214843092 0.38431
3 214843730 0.6396
3 215844498 0.97819
3 216028207 0.10567
3 216028374 0.75107
3 216624570 0.47006
3 216768571 0.91507
3 216915474 0.47746
3 217328892 0.43721
3 217329647 0.67877
3 217329679 0.76588
3 218119861 0.9309
3 219309085 0.91034
3 219309117 0.3152
3 219587062 0.61545
3 219859920 0.72638
3 219860052 0.54349
3 221730567 0.30995
3 221730615 0.54201
3 222114560 0.28427
3 222114627 0.49514
3 222262745 0.7079
3 222602120 0.26722
3 222602260 0.57885
3 223513366 0.72209
3 223513444 0.68692
3 223670423 0.95964
3 223867414 0.63467
3 224184375 0.59865
3 224903492 0.26
3 226872335 0.41225
3 227682147 0.48258
3 228614270 0.26555
3 229544509 0.9853
4 139753 0.81733
4 139810 0.48274
4 2589311 0.28552
4 2589348 0.75648
4 2637306 0.37952
4 2637441 0.69693
4 2638925 0.62366
4 2639015 0.81791
4 2846701 0.82315
4 2851075 0.41941
4 2852707 0.50516
4 2852810 0.40274
4 3548007 0.33172
4 3895352 0.65427
4 3895510 0.86371
4 4867968 0.10447
4 4980568 0.2379
4 6401332 0.30193
4 6612098 0.7843
4 6612185 0.09965
4 11329241 0.32939
4 11856246 0.62826
4 12618115 0.41416
4 18502089 0.50415
4 18502179 0.03591
4 20064925 0.0872
4 24475394 0.41003
4 29030873 0.93219
4 29031200 0.97776
4 29209179 0.59613
4 29209351 0.8517
4 32099560 0.19585
4 32099732 0.22229
4 33860915 0.79331
4 33862684 0.18293
4 35051574 0.95726
4 35051622 0.33799
4 35384247 0.1757
4 35769506 0.4563
4 36047409 0.09305
4 36047549 0.87003
4 37067373 0.23649
4 37067501 0.10217
4 37185517 0.75189
4 38941090 0.61497
4 39975220 0.05546
4 39975317 0.33276
4 41178032 0.79057
4 41189019 0.82898
4 41191526 0.87225
4 45378466 0.17714
4 47028353 0.52785
4 60429503 0.98257
4 60767943 0.48723
4 60767994 0.52552
4 60768063 0.46603
4 60768111 0.73291
4 63722896 0.39086
4 66287455 0.62016
4 66288635 0.28029
4 66290994 0.70643
4 73077404 0.82614
4 73176932 0.96214
4 73177100 0.911
4 73177257 0.83104
4 73178489 0.89456
4 73307190 0.98524
4 73307596 0.81984
4 73309421 0.29736
4 73309674 0.03828
4 73310789 0.304
4 73311191 0.06171
4 73311260 0.99973
4 74062781 0.4779
4 74062865 0.41581
4 74239902 0.14379
4 75728833 0.34704
4 75728870 0.36238
4 76122802 0.12597
4 76122822 0.84926
4 76122886 0.28317
4 76122917 0.36397
4 76123039 0.95994
4 78946415 0.43472
4 78946482 0.76596
4 85850410 0.51893
4 86797748 0.29076
4 86798226 0.71459
4 90203655 0.32699
4 90203822 0.28112
4 91417897 0.68247
4 93812507 0.03129
4 104160525 0.46488
4 107751353 0.27847
4 107751403 0.22373
4 107751627 0.65974
4 107751727 0.40019
4 113503659 0.91816
4 116875947 0.463
4 116876114 0.77369
4 120655021 0.26309
4 120655387 0.2748
4 122795133 0.07163
4 122795210 0.28456
4 122795343 0.60116
4 122795391 0.64457
4 122795990 0.06703
4 122796082 0.01739
4 122796119 0.24461
4 128552705 0.09447
4 128632208 0.47637
4 128632484 0.40314
4 128632696 0.25841
4 129825080 0.11396
4 129825130 0.08249
4 129831216 0.25654
4 129831266 0.09453
4 131016731 0.69087
4 132734439 0.27251
4 132734608 0.486
4 132734721 0.16209
4 132734849 0.51029
4 132735271 0.06766
4 132736424 0.21105
4 133757006 0.10765
4 136297005 0.70853
4 136297062 0.89306
4 141267246 0.63915
4 143945759 0.33392
4 146943233 0.06555
4 147044805 0.41032
4 147045281 0.94431
4 148401074 0.05202
4 148401263 0.2631
4 149531179 0.89756
4 149531206 0.23897
4 149588842 0.43836
4 149589133 0.89874
4 153293139 0.19661
4 153293180 0.5473
4 153293197 0.69499
4 153293234 0.68311
4 153293452 0.45678
4 155043536 0.82737
4 156289818 0.26248
4 156290035 0.29478
4 158126191 0.36259
4 158720827 0.90849
4 158720850 0.9526
4 158720894 0.14121
4 159982180 0.20439
4 159984727 0.16159
4 160161677 0.20562
4 160161764 0.18282
4 166002318 0.2946
4 166002477 0.51415
4 166281189 0.05104
4 166281276 0.89435
4 169608659 0.73128
4 170217116 0.33016
4 171613440 0.51664
4 172301064 0.47658
4 172692049 0.52058
4 172692287 0.70424
4 173687725 0.31446
4 174427991 0.28264
4 174428015 0.15653
4 174428225 0.53098
4 177666738 0.25635
4 177975134 0.69348
4 177976082 0.61202
4 177976360 0.16145
4 178735388 0.19832
4 179758341 0.32689
4 180309373 0.60888
4 180316143 0.14071
4 182713785 0.32046
4 184373943 0.62784
4 184717014 0.85712
4 184717135 0.05717
4 184717455 0.44968
4 184717653 0.37792
4 185103471 0.02433
4 185562016 0.66529
4 193202013 0.5386
4 194092746 0.20356
4 194092806 0.73274
4 194092995 0.67412
4 194749230 0.00309
4 194749287 0.00546
4 197964404 0.85435
4 197964459 0.42575
4 201131313 0.10692
4 201131577 0.13374
4 202245921 0.33696
4 202883367 0.36529
4 202883397 0.35044
4 204059957 0.03127
4 204764426 0.6676
4 205427981 0.03828
4 206493021 0.37382
4 207114208 0.27962
4 210235075 0.62622
4 210235180 0.19496
4 210235726 0.69608
4 210235939 0.49634
4 210236675 0.71461
4 212497348 0.60929
4 212893509 0.63277
4 215393158 0.3422
4 215393350 0.17515
4 216310255 0.59036
4 216812238 0.41591
4 216812289 0.97717
4 218367682 0.90299
4 220857872 0.40848
4 220885121 0.0984
4 222233027 0.57092
4 222233032 0.91833
4 222233078 0.36053
4 222233297 0.93997
4 222331942 0.24225
4 222332058 0.56812
4 222332554 0.21544
4 225206525 0.75126
4 225206666 0.7244
4 226223649 0.54353
4 226884613 0.46295
4 229644826 0.2375
4 234783765 0.09404
4 235779015 0.8111
4 236401862 0.80946
4 236402260 0.72486
4 236488577 0.37993
4 236488723 0.21403
4 237336600 0.63207
4 238553534 0.23154
4 239237605 0.98076
4 240769341 0.0661
4 241723131 0.72721
4 242019413 0.29648
4 242019440 0.43372
4 242019500 0.09531
4 242019759 0.28424
4 243003422 0.14594
4 243003527 0.31586
4 243222842 0.36777
4 243935771 0.72935
4 243935993 0.02829
4 243936127 0.70598
4 243936876 0.11624
4 243937127 0.42439
4 244087450 0.45358
4 244721608 0.38552
4 244992633 0.09577
4 244992844 0.05471
4 245051649 0.61436
4 245123491 0.24095
4 245131700 0.68226
5 656148 0.61291
5 920922 0.78229
5 945545 0.16448
5 2123914 0.29462
5 2123961 0.48276
5 3142800 0.00558
5 3142841 0.0439
5 3142954 0.00286
5 3194619 0.06786
5 3533995 0.90532
5 4190804 0.70034
5 4293459 0.22806
5 4293495 0.09526
5 4293537 0.13604
5 4591827 0.98615
5 5267091 0.03705
5 5476347 0.95255
5 5476395 0.72871
5 5917587 0.17902
5 6820571 0.17385
5 6960673 0.22801
5 6960836 0.45064
5 6961461 0.00338
5 6961472 0.1468
5 7082937 0.00812
5 7082974 0.50453
5 7086096 0.11776
5 7086922 0.62347
5 7087084 0.90486
5 7087183 0.76297
5 7103451 0.47374
5 7216587 0.20219
5 7648847 0.3339
5 7831264 0.06313
5 7831723 0.55718
5 7946002 0.42848
5 8598835 0.59201
5 9279776 0.28972
5 9965510 0.26379
5 9965534 0.37727
5 10055221 0.44651
5 10055420 0.43716
5 10055423 0.74583
5 10058612 0.69896
5 10752476 0.29822
5 10752728 0.53173
5 10752928 0.87461
5 11737498 0.29697
5 11737636 0.94278
5 11737747 0.01111
5 11904119 0.69417
5 11992708 0.86737
5 12337501 0.50453
5 12338040 0.28535
5 13542371 0.24575
5 13664532 0.0613
5 13664643 0.12187
5 13664679 2.64E-4
5 13981667 0.77582
5 15056528 0.85732
5 16208240 0.37971
5 17231557 0.89259
5 18038315 0.81451
5 18240488 0.06324
5 18240536 0.02349
5 19973068 0.82679
5 19973210 0.68323
5 20089671 0.95723
5 20089946 0.48776
5 20200927 0.33947
5 20200987 0.13452
5 20201009 0.4211
5 21770965 0.10488
5 21771015 0.2532
5 21771204 0.3586
5 21771297 0.12932
5 21771433 0.09687
5 21811793 0.31087
5 21811854 0.79207
5 23437641 0.01301
5 24480823 0.47677
5 30064518 0.10512
5 30239292 0.58574
5 32366193 0.96757
5 32366223 0.73672
5 32366232 0.45502
5 32599139 0.97797
5 34586816 0.27115
5 34586850 0.01664
5 37511797 0.83853
5 41024015 0.01139
5 41024709 0.60628
5 41024758 0.6253
5 42492559 0.52545
5 49203492 0.57919
5 55324334 0.52364
5 57507670 0.60964
5 57831576 0.9232
5 57933325 0.66007
5 57933514 0.35583
5 57933548 0.53797
5 58576757 0.6021
5 58576811 0.24782
5 58616136 0.78673
5 59299993 0.65681
5 59300236 0.77698
5 59300361 0.56159
5 59300415 0.71713
5 60104545 0.51167
5 60371555 0.98318
5 60964265 0.21813
5 60964334 0.94269
5 61491984 0.07977
5 61492543 0.45112
5 62415995 0.368
5 62622237 0.55009
5 62622538 0.34306
5 63415425 0.58976
5 63417714 0.61631
5 63418190 0.91173
5 63418474 0.55471
5 64413079 0.74699
5 64413280 0.08765
5 65741535 0.61353
5 66131678 0.69389
5 66131744 0.86924
5 66971925 0.57627
5 67946242 0.07479
5 67946563 0.88365
5 68419652 0.3426
5 68419832 0.83335
5 68420111 0.80212
5 68603801 0.24124
5 69319346 0.60821
5 71093439 0.38299
5 71093631 0.02628
5 71093680 0.0168
5 71095193 0.0795
5 72408251 0.16647
5 75234294 0.89345
5 75234342 0.74521
5 76513050 0.95873
5 77679469 0.70583
5 77679565 0.71529
5 80010733 0.30596
5 81227637 0.52997
5 83233487 0.25593
5 83233631 0.61726
5 83544273 0.93097
5 87053064 0.52857
5 88604674 0.21796
5 88604788 0.42551
5 88604820 0.69184
5 88604977 0.18159
5 91096945 0.73695
5 91651999 0.00513
5 92520604 0.21325
5 92520689 0.52786
5 92862112 0.51773
5 92862322 0.04886
5 100227859 0.6034
5 123268218 0.2156
5 123268237 0.91999
5 123268841 0.9399
5 132594432 0.01533
5 132772317 0.00185
5 132786876 0.00222
5 145121054 0.28549
5 145121179 0.44784
5 145121333 0.42443
5 158032440 0.52502
5 158032493 0.38073
5 158032589 0.65386
5 158032721 0.14628
5 158032820 0.03324
5 158599491 0.21277
5 160173922 0.1299
5 160321846 0.51442
5 163580663 0.34439
5 165095136 0.42932
5 166468431 0.79203
5 167873309 0.54705
5 167873609 0.42121
5 167874494 0.50109
5 167884630 0.86215
5 167889542 0.41689
5 168637658 0.80999
5 168637782 0.91939
5 168867197 0.49996
5 168867279 0.32475
5 168924730 0.52582
5 169327292 0.89015
5 169719615 0.25268
5 169719641 0.9544
5 169853770 0.08175
5 169853895 0.15137
5 171389177 0.83281
5 171688991 0.38089
5 171869817 0.54879
5 173094268 0.46756
5 173094351 0.06712
5 175459060 0.97726
5 175459765 0.66077
5 175462855 0.37181
5 175462981 0.20361
5 175463023 0.70729
5 176459414 0.34742
5 176459531 0.27008
5 176459677 0.96302
5 176459761 0.75934
5 176901695 0.88966
5 179953106 0.24528
5 180413515 0.21217
5 180428220 0.38165
5 181256363 0.4832
5 181672656 0.09461
5 182337306 0.61867
5 183706112 0.96798
5 184587393 0.06392
5 184588852 0.05767
5 184588958 0.03838
5 185596985 0.85886
5 187896409 0.60064
5 188293932 0.92437
5 188557321 0.0729
5 189143556 0.99688
5 190229644 0.19427
5 190229745 0.23201
5 190229809 0.87531
5 190229872 0.18041
5 190229927 0.14087
5 192326110 0.03568
5 192778685 0.10657
5 192778844 0.25624
5 193208168 0.26947
5 193208321 0.43481
5 193296367 0.40506
5 193296378 0.71217
5 193296408 0.71095
5 193521420 0.53473
5 193521685 0.46669
5 193521810 0.73074
5 193521948 0.56105
5 195724183 0.55288
5 198380640 0.56349
5 198380653 0.15767
5 198534153 0.36783
5 199528414 0.15136
5 199531191 0.09289
5 199531408 0.61423
5 199697937 0.45744
5 199784965 0.45374
5 200752538 0.57976
5 200755109 0.26714
5 200813183 0.60695
5 200813185 0.4125
5 200813276 0.03184
5 200813312 0.08243
5 201139510 0.50579
5 202174585 0.29599
5 202342720 0.6162
5 202847197 0.56929
5 202847226 0.58764
5 203778506 0.3485
5 204103838 0.72244
5 204198466 0.01848
5 204516414 0.56786
5 204516691 0.59616
5 204517020 0.76638
5 205076873 0.88839
5 205811176 0.22204
5 205811393 0.51006
5 206664777 0.90155
5 207603095 0.18738
5 207603154 0.0447
5 207603495 0.02915
5 207870558 0.4521
5 207926607 0.67478
5 208901002 0.02675
5 209498142 0.46745
5 209498196 0.48498
5 210743837 0.45122
5 210890745 0.08383
5 210890786 0.06596
5 210890886 0.74027
5 211815347 0.28458
5 211884165 0.94807
5 213271422 0.36844
5 213271532 0.13754
5 214237451 0.26416
5 214237678 0.86976
5 214424975 0.94382
5 214425081 0.40585
5 214442805 0.98027
5 214935596 0.35444
5 214953055 0.12652
5 215505432 0.92429
5 216431558 0.87661
6 2379148 0.77244
6 6321806 0.73523
6 6321890 0.13237
6 9243581 0.91823
6 9243719 0.71793
6 9243743 0.72239
6 9561803 0.59492
6 12075777 0.94723
6 14057156 0.33613
6 19092580 0.01817
6 20837292 0.92809
6 20837504 0.85926
6 22403926 0.77117
6 22404308 0.80323
6 23874393 0.19619
6 24265182 0.53261
6 24265211 0.79912
6 24328659 0.97457
6 25035106 0.66256
6 25189392 0.22941
6 25335362 0.51932
6 31892075 0.96108
6 32496071 0.27808
6 36605422 0.42436
6 57633518 0.19759
6 57774238 0.24658
6 57774504 0.94312
6 62407399 0.43029
6 62407447 0.99797
6 69840279 0.65462
6 78304925 0.08817
6 78308523 0.08955
6 78756245 0.11627
6 80278320 0.03014
6 80278699 0.25107
6 80278795 0.06974
6 80533898 0.02378
6 80534176 0.05964
6 80874917 0.36547
6 80876967 0.15695
6 80877074 0.02604
6 80877173 0.15585
6 81339917 0.19174
6 81808364 0.16543
6 81808446 0.5783
6 82066399 0.48414
6 83064586 0.94341
6 83064592 0.01055
6 83064683 0.66856
6 83064740 0.23431
6 83064850 0.09809
6 83625470 0.50035
6 84289867 0.4828
6 84664768 0.33807
6 84664843 0.20235
6 84665035 0.49185
6 84752003 0.47206
6 85125129 0.2433
6 85125362 0.57675
6 87790780 0.11208
6 87791252 0.08467
6 87791607 0.65612
6 87791839 0.11033
6 89098725 0.0656
6 89098939 0.35434
6 89099054 0.04288
6 89828654 0.25093
6 89828710 0.79899
6 91704093 0.33165
6 91883155 0.53057
6 92705427 0.76052
6 92705503 0.87109
6 93266925 0.62385
6 98507715 0.45637
6 102566000 0.29952
6 102953670 0.97987
6 107548070 0.55353
6 107666299 0.98785
6 113382498 0.28576
6 113382607 0.06119
6 113384656 0.93114
6 113384758 0.62224
6 113385082 0.63318
6 113385214 0.57392
6 113385259 0.21656
6 113385418 0.8876
6 113705211 0.0604
6 113705266 0.27432
6 114031392 0.26468
6 115280978 0.54016
6 118089114 0.66879
6 118089131 0.74168
6 118221553 0.58153
6 118741714 0.52249
6 118741880 0.43004
6 120059553 0.71525
6 120230802 0.96312
6 120679865 0.47281
6 120679943 0.34651
6 121839487 0.98135
6 121839592 0.25203
6 122849505 0.24554
6 123998706 0.62059
6 124027590 0.57985
6 124407006 0.58824
6 124407201 0.49103
6 125113941 0.9664
6 129927781 0.0698
6 131576037 0.20724
6 131576099 0.14861
6 132084516 0.22896
6 132084649 0.91345
6 132084997 0.18571
6 132316837 0.31266
6 133090099 0.97556
6 134646802 0.24081
6 135105656 0.88368
6 137325576 0.10187
6 137325669 0.05111
6 137479485 0.22788
6 139105889 0.87869
6 139106115 0.56949
6 140894135 0.48121
6 141805491 0.13245
6 142648706 0.02827
6 144744222 0.92061
6 144744486 0.52368
6 144744591 0.79763
6 145827559 0.87785
6 145827685 0.07078
6 146163830 0.68705
6 146163940 0.35533
6 146164106 0.05237
6 146286168 0.72585
6 146286305 0.22262
6 146544292 0.2815
6 147142571 0.06591
6 147302259 0.72056
6 147302331 0.7604
6 147820659 0.97687
6 148798630 0.47803
6 149251173 0.50679
6 149648334 0.63351
6 150470602 0.10091
6 151958886 0.41426
6 151993489 0.02228
6 153498534 0.6013
6 154495634 0.0948
6 155618820 0.4497
6 155619139 0.44857
6 156645239 0.86948
6 156645387 0.31384
6 156645441 0.50498
6 156740198 0.56579
6 156740239 0.62474
6 157129197 0.58153
6 157129313 0.66223
6 158540019 0.75479
6 159808180 0.57854
6 159808188 0.69136
6 159890587 0.34291
6 159890611 0.26512
6 160748446 0.32366
6 160748709 0.88241
6 160749024 0.81483
6 160749026 0.94658
6 160749106 0.85453
6 161570166 0.3812
6 161663671 0.90876
6 161663864 0.47553
6 162212191 0.99741
6 162212222 0.78429
6 163120296 0.72344
6 163933232 0.85772
6 164419435 0.63058
6 164470369 0.04767
6 164631981 0.92216
6 164632333 0.09431
6 164999362 0.98425
6 165724924 0.12109
6 166688213 0.86978
6 167527305 0.48812
6 167883450 0.31305
7 729478 0.67397
7 2081333 0.88381
7 2091465 0.97829
7 2091822 0.23855
7 2092048 0.65129
7 2092320 0.10648
7 2585198 0.14432
7 2998280 0.82232
7 3671338 0.35605
7 3671378 0.35294
7 3671468 0.76866
7 3671683 0.55516
7 4242242 0.23865
7 4242439 0.30685
7 4242495 0.55741
7 4244157 0.45742
7 5101361 0.38329
7 6437899 0.7586
7 7166948 0.01206
7 9142730 0.66606
7 9143417 0.25658
7 9143735 0.90517
7 11032128 0.60367
7 14349278 0.4273
7 14349513 0.85362
7 14349767 0.24941
7 14349857 0.74096
7 14354166 0.73635
7 14354237 0.499
7 15335337 0.12037
7 15335577 0.5871
7 17397465 0.9735
7 17397515 0.85207
7 20237216 0.5199
7 20237594 0.47767
7 20238391 0.03203
7 20238502 0.07095
7 20238808 0.37416
7 20239901 0.32895
7 20239975 0.15061
7 20240404 0.37822
7 21624035 0.57842
7 22002530 0.69092
7 22002548 0.7373
7 22002659 0.53273
7 22002684 0.47349
7 32876504 0.71612
7 33979012 0.79521
7 33979080 0.60691
7 40409236 0.65764
7 43623648 0.16919
7 43948264 0.12356
7 43948320 0.1899
7 44684805 0.39629
7 44684895 0.24987
7 47324932 0.03957
7 47326042 0.81951
7 47568917 0.31508
7 48612205 0.1879
7 49538583 0.54087
7 51242563 0.24105
7 53160767 0.35989
7 61311203 0.65818
7 61311400 0.09893
7 61312330 0.31793
7 63353441 0.56557
7 68051112 0.92094
7 69232215 0.01746
7 70374926 0.04762
7 71717601 0.81734
7 71717792 0.45065
7 73892322 0.32761
7 73892439 0.12014
7 75099046 0.61683
7 86401923 0.31273
7 93101779 0.19487
7 98070498 0.52499
7 100492899 0.59038
7 100492949 0.9364
7 103263777 0.73929
7 103263781 0.08291
7 103264135 0.24184
7 103353750 0.19609
7 103354135 0.16101
7 103354216 0.30674
7 104898467 0.81464
7 104898621 0.72253
7 104898624 0.72132
7 119650174 0.40459
7 119650229 0.93693
7 119650294 0.7641
7 122111720 0.13783
7 122373056 0.14738
7 122373149 0.12492
7 122626062 0.10792
7 123601837 0.04104
7 124598905 0.99289
7 127435208 0.34977
7 128365318 0.53119
7 128402775 0.25877
7 128404361 0.42701
7 128404558 0.31651
7 129793873 0.73082
7 130488434 0.46302
7 130808986 0.37204
7 131103240 0.75916
7 131103432 0.88572
7 133371379 0.20073
7 133372193 0.00592
7 133818011 0.04888
7 133825665 0.95726
7 133825965 0.18265
7 134062060 0.85898
7 134847920 0.38589
7 137207288 0.85142
7 137207838 0.24933
7 137207966 0.52879
7 137208116 0.36238
7 137834376 0.71288
7 137834462 0.17776
7 138551298 0.25943
7 138551416 0.53065
7 138551678 0.49421
7 141322594 0.46524
7 141322979 0.4899
7 141323077 0.61974
7 141323421 0.31365
7 142135761 0.26173
7 144013417 0.24657
7 144482928 0.29911
7 144482998 0.99942
7 145912449 0.01862
7 145912535 0.06984
7 149715975 0.10057
7 151510061 0.44708
7 151510428 0.15917
7 151510558 0.37286
7 151510758 0.03564
7 151622827 0.47597
7 151622947 0.69591
7 151623063 0.85992
7 152631991 0.81622
7 153447034 0.94655
7 154594107 0.32609
7 157154622 0.59023
7 157154717 0.66433
7 157154780 0.79416
7 159417489 0.39892
7 159849353 0.71
7 159849580 0.54819
7 160099493 0.68025
7 161517855 0.12619
7 161517989 0.05838
7 161518222 0.97005
7 161520382 0.90191
7 161618509 0.86479
7 161993743 0.92229
7 162118899 0.4527
7 162173638 0.65146
7 162222117 0.15679
7 162222300 0.56004
7 162381818 0.40697
7 162531108 0.33799
7 162531135 0.53323
7 162531284 0.06804
7 162574346 0.95419
7 162574534 0.24909
7 162574831 0.44523
7 162877895 0.75948
7 162878175 0.39395
7 162945589 0.01685
7 164853203 0.2859
7 164941742 0.98022
7 164941846 0.17173
7 164941881 0.804
7 165247457 0.7453
7 165247569 0.83353
7 165248088 0.91705
7 165275572 0.81516
7 165275756 0.22874
7 165518207 0.4826
7 165518317 0.59146
7 165995047 0.37756
7 165995303 0.91027
7 165995314 0.32262
7 166025654 0.48506
7 167060647 0.61564
7 167060733 0.79491
7 167218288 0.33159
7 167218363 0.73131
7 169017514 0.55917
7 169020648 0.72606
7 169020741 0.78651
7 169067788 0.96412
7 169067986 0.96147
7 169215983 0.05189
7 169409684 0.10392
7 169955290 0.83803
7 170346140 0.13552
7 170346253 0.12782
8 169137 0.9967
8 4101256 0.61738
8 4766694 0.94103
8 4766801 0.059
8 5632196 0.5308
8 5632308 0.98567
8 5966657 0.05825
8 5966698 0.31862
8 6017018 0.09977
8 8098163 0.77717
8 8098271 0.94107
8 8404207 0.30208
8 11602192 0.0712
8 11602213 0.26717
8 11620274 0.78363
8 12401723 0.88641
8 14123731 0.41113
8 14721554 0.72484
8 17433938 0.45367
8 17434179 0.20077
8 17434259 0.59068
8 17434337 0.98736
8 17434439 0.1116
8 17434712 0.45288
8 17434775 0.94763
8 17434841 0.03225
8 22276752 0.13378
8 22277128 0.56545
8 22423380 0.23424
8 22632055 0.28258
8 22632465 0.98376
8 23005432 0.79114
8 23796463 0.06117
8 23985819 0.97084
8 24557261 0.23357
8 24748473 0.02271
8 32078607 0.96388
8 34684129 0.30302
8 43848287 0.62972
8 43848372 0.44669
8 44552495 0.52822
8 44552704 0.59329
8 44553828 0.37325
8 48775713 0.1661
8 48775756 0.13837
8 52678845 0.959
8 55008669 0.12823
8 59949306 0.83153
8 60100774 0.38751
8 60100989 0.73291
8 64421988 0.04865
8 65657055 0.49733
8 68476189 0.61998
8 68789720 0.65619
8 70063587 0.98783
8 70899841 0.27355
8 72801790 0.44119
8 76261326 0.1926
8 76419367 0.18387
8 78017679 0.20713
8 82710229 0.67454
8 82856261 0.99101
8 93829348 0.32164
8 100564485 0.81359
8 100932328 0.49714
8 105795595 0.14436
8 105795685 0.56679
8 105795742 0.16204
8 105796017 0.69905
8 112318768 0.54575
8 114949534 0.75171
8 114949662 0.17296
8 114949770 0.20726
8 114949852 0.25549
8 115257156 0.22476
8 115257396 0.62977
8 116787118 0.65244
8 116787172 0.59525
8 116875758 0.87964
8 118438296 0.80368
8 118438383 0.99327
8 118438467 0.62983
8 118438533 0.11365
8 118439748 0.17264
8 118439775 0.91438
8 118439827 0.70089
8 122233767 0.17954
8 122233827 0.81169
8 123268336 0.98445
8 123269296 0.10132
8 123269491 0.07113
8 123272319 0.16923
8 123272809 0.52961
8 123272935 0.02192
8 123599285 0.92478
8 123929371 0.71082
8 123929533 0.55822
8 123929882 0.47071
8 123932505 0.8426
8 123932687 0.90798
8 124752481 0.44195
8 124752624 0.68246
8 125230104 0.09593
8 126154819 0.29038
8 126155021 0.07848
8 126155082 0.42979
8 128276819 0.33269
8 128276900 0.64975
8 128277017 0.56366
8 128277137 0.62056
8 128277210 0.5515
8 128613858 0.38424
8 128613967 0.33204
8 128632225 0.34258
8 128633607 0.45952
8 129044327 0.36649
8 129163361 0.3328
8 129384587 0.18576
8 130388141 0.00227
8 130388227 0.34196
8 130388436 0.55649
8 131568112 0.26532
8 132749967 0.22517
8 133529939 0.42996
8 133748608 0.32325
8 133748695 0.20317
8 133775120 0.07599
8 133775220 0.06647
8 134723842 0.81629
8 134813437 2.8156E-4
8 134813550 0.9801
8 134813696 0.45296
8 137480768 0.44473
8 137572174 0.09973
8 137572228 0.138
8 140212456 0.47741
8 141037093 0.39605
8 141276260 0.70287
8 141276353 0.77393
8 141887023 0.16532
8 144443053 0.02826
8 144443084 0.39807
8 145713740 0.00893
8 146342067 0.54466
8 146342751 0.45216
8 146342784 0.57724
8 146342956 0.67435
8 146343044 0.493
8 146670272 0.57517
8 147049220 0.19527
8 151452567 0.01636
8 151468480 0.53517
8 151468520 0.70692
8 151468637 0.73204
8 151468701 0.62293
8 152155087 0.29612
8 152155155 0.84945
8 153373467 0.65558
8 153373529 0.75733
8 154182352 0.63309
8 154325717 0.77454
8 155071379 0.65722
8 155326020 0.68586
8 155435599 0.22973
8 155484031 0.20479
8 155569735 0.977
8 155569805 0.99819
8 155570656 0.71603
8 155570887 0.53458
8 155571435 0.32453
8 155571493 0.62928
8 155571651 0.18203
8 156061850 0.37698
8 157472833 0.62099
8 158949206 0.56077
8 159478545 0.17534
8 159897914 0.33639
8 159898064 0.22313
8 160536300 0.0087
8 160536472 0.37341
8 160537081 0.8644
8 160537277 0.10271
8 161460108 0.56091
8 161817307 0.90877
8 161817408 0.64157
8 161819705 0.41409
8 161988861 0.90796
8 162011965 0.25331
8 162012097 0.35298
8 162012202 0.93473
8 162012322 0.20279
8 162446230 0.29847
8 163067200 0.67588
8 163565334 2.6173E-4
8 163565396 0.58827
8 163572237 0.15827
8 163572301 0.43225
8 163643858 0.01177
8 163939051 0.27832
8 163939189 0.33685
8 164369718 0.86287
8 164795650 0.27725
8 164795880 0.43763
8 165809816 0.06616
8 166984405 0.20952
8 168485696 0.60294
8 169471006 0.58057
8 169540271 0.60838
8 169540340 0.76678
8 169540394 0.78258
8 169912459 0.85278
8 169912848 0.20247
8 170014413 0.27347
8 171099906 0.06301
8 171578191 0.23628
8 171581059 0.01103
8 171703522 0.50919
8 171827952 0.16613
8 172057935 0.83527
8 172323589 0.26461
9 3873116 0.30982
9 3955377 0.36601
9 6992336 0.09683
9 9885916 0.62546
9 11101740 0.91371
9 11336778 0.49449
9 11337226 0.35932
9 11339352 0.94761
9 11339891 0.08834
9 11340882 0.83973
9 11341274 0.34036
9 11342096 0.36189
9 11345280 0.65805
9 11972467 0.33264
9 15582065 0.02259
9 15582100 0.00719
9 15582109 0.02711
9 16228586 0.57204
9 16966493 0.58738
9 16980092 0.12975
9 16980188 0.65451
9 17653676 0.11017
9 18684111 0.69701
9 19292942 0.46571
9 19292964 0.44358
9 19292988 0.41718
9 19293027 0.52434
9 19293212 0.27355
9 20516063 0.49602
9 20525979 0.57852
9 20526173 0.91572
9 22040626 0.22675
9 22040925 0.43093
9 22040955 0.05418
9 22040988 0.61964
9 22041092 0.89569
9 22041257 0.10163
9 22041375 0.56622
9 23215033 0.82751
9 23215090 0.82027
9 23215171 0.82118
9 23215722 0.86408
9 23215793 0.71504
9 23217179 0.98195
9 23217376 0.76729
9 24028336 0.62875
9 24028795 0.49234
9 24376691 0.64184
9 24376844 0.82628
9 24376967 0.73848
9 24377057 0.67158
9 25654718 0.40573
9 26513930 0.12467
9 26514219 0.49999
9 26514227 0.14381
9 26661426 0.18801
9 26661626 0.00703
9 28318787 0.66275
9 28529745 0.25851
9 28529871 0.23699
9 34649218 0.72242
9 37421825 0.17807
9 42849025 0.16168
9 42849080 0.17018
9 42852770 0.00879
9 44359301 0.04162
9 44359430 0.64687
9 46590628 0.09835
9 51080355 0.93227
9 59789379 0.58148
9 59789907 0.75555
9 59789931 0.71096
9 60776013 0.03888
9 60776186 0.84704
9 60776323 0.09196
9 72258299 0.39005
9 73251868 0.34521
9 73487579 0.77551
9 77467426 0.3623
9 80446876 0.1498
9 80446937 0.67276
9 80499825 0.71121
9 83959651 0.49162
9 83960023 0.4899
9 85334547 0.26234
9 85740054 0.23122
9 88057165 0.52607
9 89363110 0.98783
9 90435061 0.14771
9 90435214 0.76909
9 90436004 0.67912
9 90436140 0.07714
9 90436248 0.79887
9 94285743 0.11108
9 96885738 0.54185
9 98502706 0.14391
9 98503011 0.32111
9 103719503 0.58747
9 103719660 0.40656
9 104333938 0.73349
9 104373145 0.73149
9 104373476 0.47856
9 104537824 0.75805
9 104537850 0.48335
9 106774837 0.85159
9 106774925 0.11461
9 106775093 0.58709
9 106850853 0.16172
9 109909820 0.80429
9 110522534 0.26213
9 110628874 0.14742
9 110629231 0.70993
9 111935545 0.49282
9 111935626 0.17659
9 111935765 0.52915
9 111935837 0.17356
9 114897449 0.61068
9 114897665 0.96797
9 116763482 0.08857
9 117894891 0.31768
9 117895037 0.54836
9 118511506 0.27932
9 124067174 0.17105
9 124067329 0.81487
9 124067391 0.64653
9 124067508 0.16683
9 124112589 0.69568
9 124619424 0.93782
9 125052222 0.074
9 125052246 0.09317
9 126584310 0.04097
9 126584378 0.34184
9 128442190 0.12325
9 128442195 0.10862
9 128515170 0.24542
9 130251867 0.95434
9 130611573 0.29739
9 130876521 0.7354
9 130886940 0.84089
9 130889568 0.31688
9 132119630 0.3434
9 133389152 0.81849
9 133448740 0.1002
9 133448843 0.11271
9 133449028 0.13941
9 133450713 0.36342
9 135383693 0.45759
9 135383906 0.57717
9 135842386 0.09915
9 136597740 0.84681
9 139382140 0.49083
9 140926271 0.21547
9 142043997 0.1751
9 142271047 0.984
9 142271281 0.96842
9 142271439 0.84984
9 142271476 0.39968
9 142271582 0.23963
9 142271657 0.17762
9 142499873 0.35692
9 142500070 0.96107
9 142948449 0.49388
9 142948545 0.03624
9 145148200 0.62477
9 146470580 0.83818
9 147131097 0.53483
9 147384886 0.22413
9 147826958 0.56747
9 148430337 0.63479
9 148713045 0.02777
9 149507714 0.50929
9 150137968 0.87057
9 150138109 0.92879
9 150138200 0.83058
9 150138962 0.96417
9 151289826 0.65933
9 151289948 0.85475
10 838970 0.65602
10 1939921 0.68117
10 1948030 0.30626
10 2118915 0.64088
10 3598262 0.08444
10 5119007 0.0848
10 6121273 0.48263
10 6121326 0.43511
10 6121374 0.39249
10 7904882 0.86122
10 8398476 0.54818
10 8398973 0.48725
10 8950935 0.30945
10 9748233 0.42888
10 9748367 0.84085
10 9748559 0.89453
10 10432605 0.55918
10 13546326 0.65528
10 16264730 0.42461
10 16264897 0.29125
10 17722937 0.41636
10 18903460 0.1425
10 20451157 0.87458
10 25965887 0.42645
10 25965933 0.3567
10 26982383 0.85169
10 28596609 0.3248
10 28596640 0.39775
10 28596680 0.56476
10 30830302 0.55423
10 30830484 0.00681
10 30832690 0.5688
10 33619582 1.8298E-4
10 33619945 0.00571
10 42369806 0.08964
10 43580032 0.45645
10 61603191 0.94988
10 61763079 0.45847
10 61763171 0.20806
10 62062819 0.63243
10 62062890 0.44536
10 62062924 0.65776
10 66408538 0.67365
10 66408674 0.75095
10 68803444 0.2022
10 70797556 0.80517
10 71120324 0.46389
10 77492186 0.11886
10 78146208 0.91977
10 81756950 0.60276
10 84002430 0.23248
10 84518272 0.55482
10 85296853 0.63457
10 85296889 0.89405
10 86320007 0.49653
10 86327620 0.45515
10 86327722 0.37045
10 87194491 0.79309
10 89122261 0.78403
10 98582073 0.14346
10 98582149 0.88739
10 98866690 0.13977
10 99238136 0.66502
10 99238326 0.38538
10 99471436 0.60028
10 99471668 0.5797
10 104900730 0.01637
10 106620017 0.93892
10 106620041 0.40051
10 106620146 0.96618
10 106780357 0.67492
10 106780623 0.93965
10 107950190 0.85821
10 107950370 0.37545
10 107950399 0.35524
10 109633741 0.07941
10 111260278 0.7068
10 111608788 0.33968
10 111672770 0.14376
10 117796822 0.76706
10 117797016 0.55564
10 117797175 0.7682
10 118308828 0.63561
10 120604920 0.14287
10 120605201 0.22533
10 121489957 0.02223
10 121491031 0.60133
10 121491271 0.99627
10 121491723 0.37068
10 121491895 0.43535
10 121491955 0.9548
10 121492057 0.67117
10 121492142 0.14551
10 121492205 0.92859
10 121493027 0.06399
10 122517732 0.21008
10 122517816 0.38847
10 123741974 0.73598
10 123742114 0.87583
10 123742392 0.92077
10 123742823 0.56912
10 123998923 0.4409
10 124005323 0.47709
10 124005403 0.35804
10 124523264 0.01462
10 126573429 0.00508
10 128463270 0.22892
10 129730703 0.45721
10 130170691 0.42467
10 130170772 0.13701
10 130351968 0.06015
10 130352040 0.28555
10 130452676 0.28649
10 132256848 0.82961
10 132380594 0.87428
10 132381032 0.90006
10 132732382 0.42256
10 134034407 0.26332
10 134034437 0.4301
10 134034461 0.28177
10 134034491 0.60218
10 134034875 0.66129
10 134805853 0.38036
10 135928293 0.48658
10 136530988 0.87855
10 137132183 0.3965
10 137627429 0.12412
10 138760374 0.76386
10 138760446 0.78309
10 138760685 0.75876
10 139507065 0.74499
10 139507136 0.83478
10 139616614 0.06698
10 139717238 0.62441
10 139717663 0.39637
10 139717741 0.82139
10 139830278 0.80081
10 141828459 0.51047
10 141828530 0.84155
10 141828531 0.8444
10 141828691 0.6856
10 141829598 0.4982
10 141829795 0.21228
10 141829860 0.87392
10 141830532 0.61042
10 141830830 0.44797
10 141831736 0.50207
10 141831767 0.9527
10 142854665 0.27463
10 142854765 0.43616
10 143269455 0.25554
10 143269563 0.41064
10 143676007 0.91753
10 143676207 0.17668
10 144025574 0.34829
10 144172190 0.34005
10 144172316 0.05785
10 144239494 0.70938
10 144239564 0.14364
10 144548839 0.81768
10 144548910 0.30498
10 144549995 0.6619
10 145850362 0.78609
10 145850422 0.66042
10 146999711 0.62716
10 147762925 0.7046
10 147762964 0.34869
10 147819958 0.08586
10 148332885 0.72739
10 148488692 0.10808
10 148907116 0.08277
