PZB00919.1	PZB00919.2	PHM2244.142	PZA03093.10	PZA00181.5	PZA00181.2	PZA00528.1	PZA00175.2	PZA00447.6	PZA00447.8	PZB01915.1	PZA03128.1	PZA03128.3	PZA02284.1	PZA00731.6	PZA00731.7	PZA03518.1	PZA03519.2	PZA03519.1
PZB00919.1	NA	0.00801736736437159	0.0196372734194591	0.00914843551259657	0.0320033743973492	0.0494760774984708	0.0281907176105042	0.015939508270003	0.00130765920479804	0.000421477831211886	0.0234842743423968	0.0198140595600216	0.00506600006669368	0.000818217688771988	0.0222759517840955	0.0580527851689208	0.00111665916139867	0.000274789672053453	0.000906254457998531
PZB00919.2	NA	NA	0.00551883809298535	6.99201861729971e-06	0.00591438084577057	0.00439887129539499	0.00844430628471946	0.0103963194766032	0.0133966751860208	0.0163132170650838	0.0315717281097497	0.000301845013697938	0.021634109294142	0.0107377248020851	0.00242769729285522	0.00651403704321298	0.00134485745909243	1.44403225592581e-06	1.32970104173765e-05
PHM2244.142	NA	NA	NA	0.0232538294895118	0.13876438596157	0.13524400323813	0.166296686845831	0.0155077046590699	0.0060433344384634	0.018128223787755	0.0175568454292313	0.0712057207451452	0.0228201151490104	0.0441314936987326	0.0310315598667666	0.093073273225485	1.47562853499978e-05	0.0112627902169916	0.0194143715765188
PZA03093.10	NA	NA	NA	NA	0.0550144501790476	0.0997786613423985	0.116550175526554	0.00226963654784492	0.000956647305261835	0.000784370407027673	0.0100883079656923	0.0670144958589383	0.0201466547700104	0.000726330485052879	0.0027462552595606	0.0134746449057258	1.63818226456312e-05	0.00223951596083984	0.00784597470884259
PZA00181.5	NA	NA	NA	NA	NA	0.457288133832024	0.453995523198196	0.000977729787850071	0.00141410096842586	0.00898789249297849	0.00405188269990021	0.124022709508549	0.00271469600573939	0.0412796551953704	0.0209608645166013	0.0483913169510782	0.00597366192045624	0.00112349853841904	0.00302454836812165
PZA00181.2	NA	NA	NA	NA	NA	NA	0.625860210085886	0.00586677121569958	0.000161814265033583	0.00613583227404226	0.00450547463808506	0.0988695870848493	7.06177630880811e-06	0.040086916269158	0.0305598428493184	0.0496227610854841	0.00514279015283482	0.00485938577665818	0.00624570978321402
PZA00528.1	NA	NA	NA	NA	NA	NA	NA	5.39059976913557e-06	0.00107260848563736	0.000693049048735743	0.007398153710617	0.157339976629978	0.00187958384278367	0.0810119898061354	0.0297811130281146	0.0714529010247337	0.00567142135282297	0.0457213187128446	0.0413445184943909
PZA00175.2	NA	NA	NA	NA	NA	NA	NA	NA	0.0856372949703841	0.0948245553521284	0.00301447939233695	0.00630483889763031	0.00121763439011663	0.00958616902530466	0.029973849389762	0.0233940903322129	0.00822938347726393	0.00119710323029736	0.00391476679452566
PZA00447.6	NA	NA	NA	NA	NA	NA	NA	NA	NA	0.845363989227116	0.00200666412970186	0.00539837393365017	0.012452603555712	0.00249884443166832	0.0089095608928396	0.00367365170633209	0.00350930571134599	0.0341264314758099	0.00492227612429751
PZA00447.8	NA	NA	NA	NA	NA	NA	NA	NA	NA	NA	2.4254611511234e-06	0.00180038348548808	0.00938074250734525	0.000148341381166018	0.00601566816162956	5.73962775961206e-08	0.000186017979814268	0.0396390101545863	0.0142661983933436
PZB01915.1	NA	NA	NA	NA	NA	NA	NA	NA	NA	NA	NA	0.00396381706095264	0.0243318887075907	0.00264729355377717	0.0360026011030413	0.125180319016229	0.00951994253516166	0.00566937646193264	0.00770759374065801
PZA03128.1	NA	NA	NA	NA	NA	NA	NA	NA	NA	NA	NA	NA	0.09263036285797	0.104604731409136	0.0325271234340039	0.0741664961533924	0.0204393743420416	0.0161305546074345	0.0257703039884491
PZA03128.3	NA	NA	NA	NA	NA	NA	NA	NA	NA	NA	NA	NA	NA	0.0054550692209578	2.4797636852754e-05	0.000651926711570871	0.000198336396992638	0.00543161717859309	0.00488215353900333
PZA02284.1	NA	NA	NA	NA	NA	NA	NA	NA	NA	NA	NA	NA	NA	NA	0.187465510700693	0.0885726694694327	0.0173758999030407	0.0313321344649837	0.00633792982641062
PZA00731.6	NA	NA	NA	NA	NA	NA	NA	NA	NA	NA	NA	NA	NA	NA	NA	0.308423636252775	0.0456914306737902	0.0013605723072522	0.00125902889465352
PZA00731.7	NA	NA	NA	NA	NA	NA	NA	NA	NA	NA	NA	NA	NA	NA	NA	NA	0.0324833556622978	0.00136304444450123	0.0162866284617508
PZA03518.1	NA	NA	NA	NA	NA	NA	NA	NA	NA	NA	NA	NA	NA	NA	NA	NA	NA	0.0166473279348662	0.0158420816335647
PZA03519.2	NA	NA	NA	NA	NA	NA	NA	NA	NA	NA	NA	NA	NA	NA	NA	NA	NA	NA	0.713651285220438
PZA03519.1	NA	NA	NA	NA	NA	NA	NA	NA	NA	NA	NA	NA	NA	NA	NA	NA	NA	NA	NA
