No.	NAM	ID	ID_group	ID_ssp	GL	GW	LWR	PL	PB	SB	PW	PGW	GNP	SNPP	ST	PN	PWPP	PGWPP
1	NA	Aa_0	Aa	JJ	7.92 	2.55 	3.12 	20.07 	8.33 	33.83 	2.75 	2.54 	117.17 	148.17 	0.79 	7.83 	24.12 	17.65 
2	N0001	Aa_1	Aa	JJ	6.45 	3.23 	2.01 	17.06 	5.50 	14.83 	1.50 	1.38 	51.00 	68.00 	0.75 	17.33 	16.48 	8.50 
3	N0002	Aa_2	Aa	JJ	6.32 	3.26 	1.94 	16.70 	5.17 	16.83 	1.60 	1.47 	54.17 	78.17 	0.69 	16.83 	22.41 	14.56 
4	N0003	Aa_3	Aa	JJ	6.59 	3.05 	2.16 	19.19 	6.50 	23.17 	2.26 	2.15 	90.17 	105.83 	0.85 	21.67 	37.72 	29.00 
5	N0004	Aa_4	Aa	JJ	6.38 	3.24 	1.98 	14.57 	5.00 	15.00 	1.57 	1.47 	56.17 	69.67 	0.81 	15.33 	20.14 	13.33 
6	N0005	Aa_5	Aa	JJ	6.42 	3.23 	2.00 	16.89 	5.67 	21.00 	2.05 	1.89 	68.83 	93.83 	0.73 	15.17 	24.19 	15.64 
7	N0006	Aa_6	Aa	JJ	6.59 	3.27 	2.02 	15.05 	4.67 	14.17 	1.68 	1.58 	56.00 	64.50 	0.87 	10.33 	16.90 	11.00 
8	N0007	Aa_7	Aa	JJ	6.60 	3.28 	2.02 	15.01 	5.00 	18.67 	1.79 	1.65 	57.17 	77.17 	0.74 	20.17 	24.09 	14.20 
9	N0008	Aa_8	Aa	JJ	6.46 	3.17 	2.05 	16.50 	4.50 	13.33 	1.50 	1.40 	53.33 	60.50 	0.88 	24.33 	22.93 	12.98 
10	N0009	Aa_9	Aa	JJ	6.50 	3.18 	2.06 	18.03 	5.17 	17.83 	2.22 	2.11 	75.83 	80.67 	0.94 	13.17 	23.23 	17.58 
11	N0010	Aa_10	Aa	JJ	6.92 	3.35 	2.07 	17.59 	4.50 	15.33 	1.70 	1.56 	51.67 	68.67 	0.75 	11.50 	18.61 	12.43 
12	N0011	Aa_11	Aa	JJ	6.63 	3.30 	2.02 	19.18 	4.83 	15.50 	1.77 	1.63 	47.50 	63.67 	0.75 	15.00 	23.18 	16.24 
13	N0012	Aa_12	Aa	JJ	7.30 	3.38 	2.17 	18.02 	5.67 	19.33 	2.28 	2.14 	67.50 	83.17 	0.81 	9.67 	20.07 	14.24 
14	N0013	Aa_13	Aa	JJ	6.44 	3.14 	2.06 	18.27 	5.83 	17.33 	1.84 	1.73 	68.33 	80.67 	0.85 	13.83 	19.72 	12.79 
15	N0014	Aa_14	Aa	JJ	6.72 	3.25 	2.08 	15.93 	5.00 	16.50 	1.93 	1.82 	65.50 	75.17 	0.87 	8.33 	16.17 	10.31 
16	N0015	Aa_15	Aa	JJ	6.42 	3.08 	2.10 	18.13 	4.67 	20.67 	1.49 	1.31 	54.67 	77.33 	0.71 	NA	NA	NA
17	N0016	Aa_16	Aa	JJ	6.66 	3.35 	2.00 	15.38 	6.00 	14.67 	2.10 	1.99 	66.00 	68.83 	0.96 	10.67 	25.03 	19.06 
18	N0017	Aa_17	Aa	JJ	6.32 	3.15 	2.02 	17.44 	5.17 	24.83 	1.90 	1.71 	63.83 	83.00 	0.77 	12.50 	17.18 	9.39 
19	N0018	Aa_18	Aa	JJ	6.66 	3.15 	2.13 	15.50 	4.67 	14.00 	1.51 	1.42 	52.17 	64.00 	0.82 	5.33 	9.14 	3.91 
20	N0019	Aa_19	Aa	JJ	6.78 	3.20 	2.13 	17.46 	5.17 	15.33 	1.79 	1.70 	62.83 	68.67 	0.92 	14.00 	21.72 	14.90 
21	N0020	Aa_20	Aa	JJ	6.71 	3.20 	2.11 	16.19 	4.50 	11.67 	1.35 	1.25 	45.17 	52.33 	0.86 	20.67 	21.60 	14.24 
22	N0021	Aa_21	Aa	JJ	6.87 	3.28 	2.10 	15.29 	5.00 	12.83 	0.86 	0.67 	23.33 	57.67 	0.40 	14.17 	8.25 	3.01 
23	N0022	Aa_22	Aa	JJ	6.66 	3.08 	2.17 	16.95 	4.83 	15.00 	1.59 	1.48 	54.83 	67.33 	0.81 	9.67 	15.06 	9.46 
24	N0023	Aa_23	Aa	JJ	6.76 	3.21 	2.11 	18.25 	6.00 	17.83 	2.28 	2.18 	76.33 	79.83 	0.96 	11.17 	20.19 	13.35 
25	N0024	Aa_24	Aa	JJ	6.59 	3.16 	2.09 	16.81 	4.67 	12.67 	1.30 	1.16 	45.17 	60.00 	0.75 	15.00 	18.49 	11.42 
26	N0025	Aa_25	Aa	JJ	6.63 	3.29 	2.03 	19.02 	5.67 	18.67 	2.23 	2.08 	74.67 	87.50 	0.85 	9.83 	19.67 	13.42 
27	N0026	Aa_26	Aa	JJ	6.19 	3.13 	1.98 	14.91 	4.33 	14.00 	0.64 	0.47 	16.00 	57.33 	0.28 	21.17 	13.96 	3.74 
28	N0027	Aa_27	Aa	JJ	6.53 	3.25 	2.02 	19.78 	6.83 	21.83 	2.39 	2.24 	82.83 	97.00 	0.85 	15.67 	23.22 	17.20 
29	N0028	Aa_28	Aa	JJ	6.88 	3.27 	2.11 	18.33 	5.67 	18.67 	1.88 	1.73 	62.17 	79.83 	0.78 	17.00 	23.06 	14.69 
30	N0029	Aa_29	Aa	JJ	7.03 	3.37 	2.09 	16.45 	4.83 	13.83 	1.43 	1.30 	42.83 	60.33 	0.71 	17.67 	19.35 	11.84 
31	N0030	Aa_30	Aa	JJ	6.89 	3.15 	2.20 	17.26 	4.50 	16.67 	1.72 	1.63 	62.83 	70.83 	0.89 	10.17 	15.97 	10.08 
32	N0031	Aa_31	Aa	JJ	6.59 	3.33 	1.99 	17.74 	5.83 	20.33 	1.82 	1.62 	59.00 	91.17 	0.65 	14.67 	18.63 	9.70 
33	N0032	Aa_32	Aa	JJ	7.17 	3.29 	2.19 	15.95 	4.67 	14.17 	1.38 	1.25 	43.33 	65.00 	0.67 	18.67 	18.44 	9.98 
34	N0033	Aa_33	Aa	JJ	6.62 	3.30 	2.02 	16.40 	4.83 	14.67 	1.52 	1.39 	48.50 	66.67 	0.73 	14.50 	18.62 	11.13 
35	N0034	Aa_34	Aa	JJ	6.94 	3.20 	2.18 	18.76 	6.17 	21.50 	2.27 	2.16 	82.67 	97.50 	0.85 	21.00 	30.44 	21.98 
36	N0035	Aa_35	Aa	JJ	7.30 	3.33 	2.20 	19.65 	4.83 	16.50 	2.03 	1.93 	61.50 	66.00 	0.93 	16.50 	22.12 	15.39 
37	N0036	Aa_36	Aa	JJ	6.52 	3.40 	1.92 	15.91 	5.83 	21.50 	1.67 	1.51 	51.83 	91.33 	0.57 	15.33 	18.31 	9.56 
38	NA	Aa_37	Aa	JJ	NA	NA	NA	NA	NA	NA	NA	NA	NA	NA	NA	NA	NA	NA
39	N0037	Aa_38	Aa	JJ	6.52 	3.16 	2.07 	19.51 	6.17 	24.83 	2.27 	2.12 	82.17 	105.50 	0.78 	10.83 	18.74 	11.53 
40	N0038	Aa_39	Aa	JJ	6.54 	3.18 	2.07 	16.74 	5.67 	18.17 	1.24 	1.07 	40.00 	79.00 	0.51 	16.67 	15.00 	5.22 
41	N0039	Aa_40	Aa	JJ	6.73 	3.18 	2.13 	18.26 	5.33 	19.00 	2.07 	1.93 	74.83 	89.33 	0.84 	20.33 	29.50 	21.41 
42	N0040	Aa_41	Aa	JJ	6.69 	3.31 	2.03 	17.18 	4.83 	20.83 	1.63 	1.45 	51.00 	86.83 	0.59 	17.33 	20.31 	12.76 
43	N0041	Aa_42	Aa	JJ	6.72 	3.24 	2.09 	15.73 	4.83 	14.33 	1.19 	1.07 	38.00 	65.17 	0.58 	14.17 	14.96 	7.98 
44	N0042	Aa_43	Aa	JJ	6.64 	3.26 	2.04 	17.93 	5.83 	19.17 	1.92 	1.77 	68.67 	87.17 	0.79 	18.67 	24.47 	16.86 
45	N0043	Aa_44	Aa	JJ	7.65 	3.47 	2.21 	23.75 	7.67 	31.67 	3.06 	2.72 	89.33 	134.00 	0.67 	17.17 	32.97 	22.43 
46	N0044	Aa_45	Aa	JJ	6.59 	3.25 	2.03 	17.17 	5.50 	13.00 	1.61 	1.50 	53.67 	67.67 	0.79 	19.83 	23.00 	15.41 
47	N0045	Aa_46	Aa	JJ	6.94 	3.26 	2.14 	17.48 	5.33 	13.83 	1.74 	1.36 	60.67 	69.33 	0.88 	12.67 	19.44 	13.14 
48	N0046	Aa_47	Aa	JJ	6.94 	3.29 	2.12 	18.33 	6.33 	17.17 	2.49 	2.34 	84.00 	94.17 	0.89 	13.50 	23.35 	15.69 
49	N0047	Aa_48	Aa	JJ	6.73 	3.22 	2.10 	16.88 	4.83 	10.67 	0.76 	0.60 	17.50 	57.83 	0.30 	13.33 	12.05 	3.79 
50	N0048	Aa_49	Aa	JJ	6.15 	3.21 	1.93 	17.56 	5.67 	13.50 	1.53 	1.41 	56.67 	73.83 	0.77 	32.00 	28.65 	18.91 
51	N0049	Aa_50	Aa	JJ	6.73 	3.25 	2.08 	14.21 	5.00 	12.67 	0.63 	0.31 	8.17 	66.33 	0.12 	25.33 	13.55 	2.46 
52	N0050	Aa_51	Aa	JJ	6.83 	3.35 	2.05 	15.96 	4.67 	10.50 	1.17 	1.06 	32.33 	58.00 	0.56 	20.50 	16.69 	8.53 
53	N0051	Aa_52	Aa	JJ	6.93 	3.23 	2.15 	18.11 	6.00 	15.83 	1.94 	1.83 	65.50 	81.50 	0.80 	12.83 	18.84 	13.08 
54	N0052	Aa_53	Aa	JJ	6.50 	3.30 	1.98 	19.95 	5.67 	15.00 	1.74 	1.63 	59.67 	75.17 	0.79 	17.17 	20.09 	13.01 
55	N0053	Aa_54	Aa	JJ	6.39 	3.24 	1.98 	16.27 	6.00 	14.83 	1.59 	1.44 	53.33 	78.00 	0.68 	18.17 	19.34 	8.84 
56	N0054	Aa_55	Aa	JJ	6.85 	3.22 	2.14 	20.02 	6.33 	14.83 	2.03 	1.90 	70.67 	79.83 	0.89 	12.17 	19.82 	13.72 
57	N0055	Aa_56	Aa	JJ	6.70 	3.25 	2.08 	19.02 	6.00 	15.17 	1.04 	0.91 	30.17 	84.67 	0.36 	13.17 	12.77 	4.36 
58	N0056	Aa_57	Aa	JJ	6.69 	3.22 	2.10 	18.08 	5.67 	20.50 	1.69 	1.45 	49.67 	98.67 	0.50 	18.50 	19.42 	10.21 
59	N0057	Aa_58	Aa	JJ	6.45 	3.26 	1.98 	20.55 	7.17 	16.00 	1.90 	1.77 	65.33 	85.67 	0.76 	23.50 	26.71 	16.57 
60	N0058	Aa_59	Aa	JJ	6.55 	3.28 	2.00 	19.22 	7.67 	20.50 	2.41 	2.24 	83.17 	109.17 	0.76 	12.50 	20.92 	13.98 
61	N0059	Aa_60	Aa	JJ	6.66 	3.25 	2.07 	16.09 	5.50 	14.83 	1.35 	1.19 	41.00 	76.67 	0.53 	14.17 	15.66 	8.24 
62	NA	Ab_0	Ab	JJ	8.01 	2.24 	3.60 	25.34 	12.83 	39.50 	3.28 	2.97 	140.33 	189.83 	0.74 	11.00 	30.36 	19.63 
63	N0060	Ab_1	Ab	JJ	7.71 	2.95 	2.62 	19.30 	13.00 	61.50 	6.45 	6.09 	260.67 	290.67 	0.90 	16.50 	78.12 	68.34 
64	N0061	Ab_2	Ab	JJ	7.20 	3.11 	2.33 	17.55 	7.50 	24.00 	1.76 	1.47 	48.33 	94.00 	0.51 	6.33 	11.31 	5.42 
65	N0062	Ab_3	Ab	JJ	7.57 	3.24 	2.35 	23.50 	11.00 	22.17 	2.80 	2.67 	94.67 	109.33 	0.87 	13.50 	31.44 	24.17 
66	N0063	Ab_4	Ab	JJ	7.61 	2.91 	2.63 	24.71 	9.00 	19.67 	2.81 	2.60 	103.00 	121.83 	0.85 	16.00 	34.17 	24.84 
67	N0064	Ab_5	Ab	JJ	7.93 	2.99 	2.66 	23.74 	9.50 	25.00 	2.37 	2.08 	93.17 	140.50 	0.66 	13.67 	34.87 	24.05 
68	NA	Ab_6	Ab	JJ	NA	NA	NA	NA	NA	NA	NA	NA	NA	NA	NA	NA	NA	NA
69	N0065	Ab_7	Ab	JJ	8.01 	3.16 	2.56 	24.08 	6.17 	19.33 	1.11 	0.83 	24.00 	99.33 	0.24 	9.00 	11.43 	4.02 
70	NA	Ab_8	Ab	JJ	NA	NA	NA	NA	NA	NA	NA	NA	NA	NA	NA	NA	NA	NA
71	N0066	Ab_9	Ab	JJ	8.09 	3.01 	2.69 	22.98 	10.50 	39.67 	1.96 	1.40 	40.17 	208.17 	0.19 	7.50 	13.39 	3.71 
72	N0067	Ab_10	Ab	JJ	8.36 	3.17 	2.65 	22.75 	10.17 	28.00 	3.32 	3.02 	94.50 	126.17 	0.75 	14.50 	35.43 	24.02 
73	N0068	Ab_11	Ab	JJ	8.63 	2.94 	2.95 	22.35 	9.33 	18.00 	2.54 	2.33 	79.00 	106.50 	0.74 	16.17 	26.91 	18.09 
74	NA	Ab_12	Ab	JJ	NA	NA	NA	NA	NA	NA	NA	NA	NA	NA	NA	NA	NA	NA
75	N0069	Ab_13	Ab	JJ	8.77 	2.51 	3.54 	21.16 	7.67 	15.33 	1.73 	1.56 	58.67 	90.00 	0.65 	18.33 	20.52 	11.91 
76	N0070	Ab_14	Ab	JJ	8.45 	3.21 	2.65 	22.50 	13.17 	38.67 	4.36 	4.00 	192.00 	237.17 	0.81 	7.00 	28.06 	20.52 
77	N0071	Ab_15	Ab	JJ	7.50 	3.07 	2.45 	22.07 	12.33 	43.00 	4.69 	4.37 	161.33 	238.83 	0.68 	16.00 	68.63 	62.00 
78	N0072	Ab_16	Ab	JJ	9.14 	2.81 	3.27 	26.94 	11.17 	24.67 	4.15 	3.88 	134.50 	152.00 	0.88 	12.67 	36.82 	28.81 
79	N0073	Ab_17	Ab	JJ	9.39 	2.78 	3.40 	27.46 	11.33 	31.00 	4.97 	4.81 	161.33 	177.83 	0.91 	9.83 	34.34 	26.28 
80	N0074	Ab_18	Ab	JJ	NA	NA	NA	NA	NA	NA	NA	NA	NA	NA	NA	NA	NA	NA
81	N0075	Ab_19	Ab	JJ	7.20 	3.01 	2.40 	19.99 	8.83 	24.33 	2.68 	2.54 	100.83 	123.50 	0.82 	18.50 	33.27 	23.24 
82	NA	Ab_20	Ab	JJ	NA	NA	NA	22.30 	15.00 	35.00 	NA	NA	NA	NA	NA	NA	NA	NA
83	N0076	Ab_21	Ab	JJ	7.88 	3.30 	2.39 	20.97 	12.00 	36.50 	5.99 	5.58 	190.50 	234.00 	0.81 	13.67 	69.06 	59.21 
84	N0077	Ab_22	Ab	JJ	7.27 	2.86 	2.55 	20.16 	7.33 	19.33 	2.06 	1.84 	77.00 	121.00 	0.64 	19.00 	20.20 	10.22 
85	N0078	Ab_23	Ab	JJ	7.90 	2.81 	2.83 	19.35 	6.67 	17.33 	1.57 	1.34 	48.83 	105.33 	0.46 	24.33 	21.81 	8.63 
86	N0079	Ab_24	Ab	JJ	7.82 	2.85 	2.76 	24.10 	8.33 	33.00 	2.66 	2.07 	88.67 	178.33 	0.50 	NA	NA	NA
87	N0080	Ab_25	Ab	JJ	7.55 	3.21 	2.36 	21.77 	8.83 	25.00 	2.10 	1.78 	57.17 	136.50 	0.42 	17.33 	26.83 	14.57 
88	N0081	Ab_26	Ab	JJ	7.47 	3.00 	2.50 	23.27 	9.50 	20.50 	2.99 	2.75 	103.17 	129.83 	0.79 	12.33 	31.41 	22.62 
89	N0082	Ab_27	Ab	JJ	7.11 	3.08 	2.31 	21.43 	10.83 	30.00 	3.02 	2.84 	162.17 	198.67 	0.82 	15.00 	33.75 	24.58 
90	N0083	Ab_28	Ab	JJ	7.73 	2.57 	3.03 	22.70 	8.83 	32.67 	3.35 	3.09 	119.67 	145.67 	0.82 	18.83 	43.43 	33.86 
91	N0084	Ab_29	Ab	JJ	6.88 	2.95 	2.35 	24.90 	12.67 	38.67 	2.49 	1.77 	84.67 	187.67 	0.45 	NA	NA	NA
92	N0085	Ab_30	Ab	JJ	7.70 	2.97 	2.61 	18.31 	5.50 	12.67 	1.51 	1.40 	53.33 	63.33 	0.84 	NA	NA	NA
93	N0086	Ab_31	Ab	JJ	8.17 	3.15 	2.61 	23.02 	8.00 	19.67 	2.63 	2.43 	86.00 	97.50 	0.88 	14.00 	25.60 	18.17 
94	N0087	Ab_32	Ab	JJ	7.10 	2.80 	2.55 	21.73 	9.67 	33.17 	1.89 	1.52 	60.33 	156.83 	0.38 	19.67 	29.94 	14.79 
95	N0088	Ab_33	Ab	JJ	6.85 	3.20 	2.14 	21.06 	10.50 	22.17 	2.58 	2.42 	104.83 	119.83 	0.87 	14.83 	33.01 	25.55 
96	N0089	Ab_34	Ab	JJ	7.29 	3.15 	2.32 	22.40 	10.33 	28.00 	3.31 	3.13 	128.17 	139.50 	0.92 	16.83 	44.66 	36.67 
97	N0090	Ab_35	Ab	JJ	8.69 	3.08 	2.84 	26.47 	10.83 	42.00 	4.68 	4.30 	128.00 	176.83 	0.72 	12.83 	42.79 	31.73 
98	N0091	Ab_36	Ab	JJ	8.43 	2.76 	3.07 	22.85 	8.67 	29.50 	3.53 	3.34 	127.67 	142.00 	0.90 	12.17 	32.07 	23.32 
99	N0092	Ab_37	Ab	JJ	6.88 	3.42 	2.02 	16.72 	5.50 	12.50 	1.27 	1.14 	42.67 	62.17 	0.69 	12.00 	13.01 	5.56 
100	N0093	Ab_38	Ab	JJ	7.73 	2.77 	2.80 	21.61 	8.33 	26.33 	2.45 	2.25 	86.33 	116.50 	0.74 	14.83 	29.95 	21.70 
101	N0094	Ab_39	Ab	JJ	8.20 	2.77 	2.99 	20.67 	9.67 	29.83 	2.87 	2.63 	90.50 	127.33 	0.71 	13.67 	32.43 	23.74 
102	N0095	Ab_40	Ab	JJ	8.64 	2.98 	2.93 	25.98 	8.33 	28.67 	3.27 	3.05 	90.33 	138.50 	0.65 	10.33 	25.28 	14.97 
103	N0096	Ab_41	Ab	JJ	7.64 	2.91 	2.64 	20.09 	8.33 	30.00 	3.45 	3.23 	132.17 	144.67 	0.91 	12.00 	36.22 	27.88 
104	N0097	Ab_42	Ab	JJ	7.63 	2.99 	2.56 	20.83 	6.67 	33.00 	1.53 	1.11 	45.33 	121.33 	0.37 	NA	NA	NA
105	N0098	Ab_43	Ab	JJ	7.37 	2.88 	2.58 	22.64 	8.83 	29.67 	3.18 	2.95 	78.67 	102.50 	0.77 	12.83 	27.84 	19.74 
106	N0099	Ab_44	Ab	JJ	7.93 	3.00 	2.65 	21.78 	9.33 	33.50 	3.10 	2.77 	95.00 	149.83 	0.63 	15.33 	35.00 	25.47 
107	N0100	Ab_45	Ab	JJ	7.99 	2.74 	2.93 	26.14 	13.67 	48.50 	3.83 	3.29 	126.00 	240.00 	0.53 	15.00 	50.92 	38.05 
108	N0101	Ab_46	Ab	JJ	7.28 	2.83 	2.59 	22.42 	10.33 	39.50 	2.64 	2.39 	108.17 	193.33 	0.56 	21.50 	28.28 	18.33 
109	NA	Ab_47	Ab	JJ	NA	NA	NA	NA	NA	NA	NA	NA	NA	NA	NA	NA	NA	NA
110	N0102	Ab_48	Ab	JJ	7.06 	2.70 	2.62 	21.84 	11.00 	37.83 	3.03 	2.80 	136.50 	197.50 	0.69 	18.33 	34.17 	22.63 
111	N0103	Ab_49	Ab	JJ	7.92 	2.88 	2.77 	20.33 	8.17 	21.00 	2.07 	1.90 	62.83 	96.50 	0.65 	18.17 	23.68 	14.27 
112	N0104	Ab_50	Ab	JJ	8.02 	2.99 	2.72 	23.77 	9.67 	39.33 	3.94 	3.52 	101.17 	153.83 	0.66 	13.33 	46.38 	36.77 
113	N0105	Ab_51	Ab	JJ	8.09 	2.92 	2.79 	23.87 	9.50 	38.33 	3.93 	3.46 	122.50 	155.17 	0.79 	12.50 	38.60 	28.83 
114	N0106	Ab_52	Ab	JJ	8.35 	2.66 	3.15 	23.18 	12.00 	38.33 	3.49 	3.19 	107.50 	184.83 	0.58 	14.33 	32.79 	23.03 
115	NA	Ac_0	Ac	JJ	8.05 	2.55 	3.19 	25.45 	11.33 	49.50 	3.70 	3.13 	102.67 	250.33 	0.41 	10.17 	26.06 	12.50 
116	N0107	Ac_1	Ac	JJ	8.05 	2.79 	2.91 	24.24 	12.00 	43.00 	2.66 	2.04 	71.83 	193.33 	0.37 	11.83 	33.51 	19.66 
117	N0108	Ac_2	Ac	JJ	7.47 	2.93 	2.57 	25.12 	10.17 	36.83 	3.77 	3.39 	112.00 	185.67 	0.60 	9.17 	28.41 	18.20 
118	N0109	Ac_3	Ac	JJ	9.07 	2.71 	3.37 	27.05 	7.50 	25.17 	2.84 	2.57 	91.67 	135.00 	0.68 	12.67 	30.10 	20.17 
119	N0110	Ac_4	Ac	JJ	6.66 	2.81 	2.39 	22.00 	8.33 	19.67 	1.84 	1.58 	67.50 	128.50 	0.53 	21.83 	24.97 	14.00 
120	N0111	Ac_5	Ac	JJ	8.09 	2.93 	2.78 	18.34 	6.33 	9.83 	1.73 	1.59 	50.83 	71.17 	0.71 	NA	NA	NA
121	N0112	Ac_6	Ac	JJ	7.80 	2.70 	2.90 	18.03 	11.00 	42.33 	5.23 	4.70 	219.67 	253.50 	0.87 	13.83 	44.68 	35.73 
122	N0113	Ac_7	Ac	JJ	8.39 	2.68 	3.15 	21.91 	10.83 	23.50 	2.73 	2.43 	86.50 	152.17 	0.57 	15.50 	23.56 	12.33 
123	NA	Ac_8	Ac	JJ	NA	NA	NA	NA	NA	NA	NA	NA	NA	NA	NA	NA	NA	NA
124	N0114	Ac_9	Ac	JJ	8.18 	3.18 	2.58 	21.88 	7.17 	13.33 	2.42 	2.27 	56.50 	69.83 	0.81 	16.33 	30.37 	22.62 
125	N0115	Ac_10	Ac	JJ	6.92 	2.68 	2.61 	18.95 	7.00 	14.17 	1.71 	1.56 	74.00 	95.17 	0.78 	NA	NA	NA
126	N0116	Ac_11	Ac	JJ	7.12 	3.20 	2.23 	24.42 	8.83 	24.83 	2.91 	2.65 	98.33 	149.33 	0.66 	15.50 	32.45 	22.87 
127	N0117	Ac_12	Ac	JJ	7.97 	2.68 	3.01 	26.48 	9.83 	24.33 	2.94 	2.66 	100.67 	124.33 	0.81 	13.67 	27.20 	18.39 
128	N0118	Ac_13	Ac	JJ	7.45 	2.73 	2.74 	20.16 	8.17 	20.67 	1.70 	1.48 	60.67 	128.50 	0.47 	23.17 	31.74 	19.19 
129	N0119	Ac_14	Ac	JJ	7.18 	3.13 	2.31 	28.48 	10.50 	26.33 	5.03 	4.66 	178.33 	229.17 	0.78 	11.00 	45.92 	35.00 
130	N0120	Ac_15	Ac	JJ	7.18 	2.80 	2.58 	16.85 	6.33 	13.67 	1.60 	1.49 	61.33 	80.83 	0.76 	12.00 	15.51 	9.17 
131	N0121	Ac_16	Ac	JJ	9.00 	2.90 	3.13 	23.05 	8.00 	17.00 	2.75 	2.38 	68.83 	121.17 	0.57 	12.50 	22.53 	13.07 
132	N0122	Ac_17	Ac	JJ	7.63 	2.31 	3.32 	18.93 	6.67 	16.33 	1.00 	0.83 	35.33 	80.17 	0.44 	12.17 	10.64 	3.94 
133	N0123	Ac_18	Ac	JJ	8.17 	2.86 	2.88 	20.53 	7.33 	24.50 	2.97 	2.74 	104.00 	130.83 	0.79 	12.83 	32.28 	24.80 
134	N0124	Ac_19	Ac	JJ	8.48 	2.72 	3.15 	27.43 	8.67 	25.17 	3.09 	2.80 	101.17 	124.00 	0.82 	12.00 	29.28 	21.75 
135	N0125	Ac_20	Ac	JJ	7.32 	2.92 	2.52 	21.30 	9.67 	31.50 	4.01 	3.86 	150.33 	187.00 	0.80 	17.33 	42.76 	28.88 
136	N0126	Ac_21	Ac	JJ	7.66 	3.06 	2.51 	25.35 	8.83 	30.00 	3.15 	2.76 	96.33 	160.83 	0.60 	9.17 	23.24 	13.48 
137	N0127	Ac_22	Ac	JJ	7.57 	2.63 	2.89 	20.10 	10.83 	45.50 	4.06 	3.79 	176.17 	231.17 	0.76 	14.17 	53.55 	42.82 
138	N0128	Ac_23	Ac	JJ	7.35 	3.05 	2.42 	17.20 	6.67 	23.83 	1.73 	1.52 	59.33 	120.67 	0.49 	16.00 	20.79 	11.02 
139	N0129	Ac_24	Ac	JJ	6.94 	2.51 	2.79 	18.34 	6.83 	31.83 	2.08 	1.81 	88.33 	147.00 	0.60 	21.00 	31.06 	19.31 
140	N0130	Ac_25	Ac	JJ	6.99 	2.42 	2.92 	19.28 	6.83 	28.33 	2.61 	2.44 	125.50 	146.00 	0.86 	19.17 	36.12 	26.76 
141	N0131	Ac_26	Ac	JJ	7.35 	2.88 	2.56 	23.23 	9.50 	32.33 	3.30 	3.01 	125.67 	164.33 	0.76 	20.33 	56.20 	41.80 
142	NA	Ac_27	Ac	JJ	NA	NA	NA	NA	NA	NA	NA	NA	NA	NA	NA	NA	NA	NA
143	N0132	Ac_28	Ac	JJ	7.97 	2.54 	3.17 	20.73 	7.67 	28.50 	2.98 	2.79 	122.67 	137.33 	0.89 	17.17 	36.04 	26.81 
144	N0133	Ac_29	Ac	JJ	8.09 	2.87 	2.83 	21.05 	7.50 	31.67 	3.52 	3.29 	134.00 	148.50 	0.90 	9.17 	31.69 	22.76 
145	N0134	Ac_30	Ac	JJ	7.90 	2.84 	2.79 	24.27 	7.00 	40.00 	3.99 	3.71 	145.67 	166.67 	0.87 	14.17 	33.73 	25.73 
146	N0135	Ac_31	Ac	JJ	8.33 	2.93 	2.86 	19.60 	5.00 	31.33 	2.61 	2.42 	93.00 	116.00 	0.80 	12.17 	26.96 	16.86 
147	N0136	Ac_32	Ac	JJ	8.59 	2.76 	3.14 	20.42 	7.67 	25.17 	2.63 	2.41 	97.17 	119.50 	0.81 	14.83 	32.41 	22.63 
148	N0137	Ac_33	Ac	JJ	7.56 	2.93 	2.59 	21.79 	5.83 	16.50 	1.55 	1.28 	52.50 	88.17 	0.60 	8.17 	13.61 	7.06 
149	N0138	Ac_34	Ac	JJ	8.11 	3.38 	2.41 	22.40 	12.17 	45.17 	5.64 	5.19 	194.17 	228.83 	0.85 	16.17 	72.25 	61.26 
150	N0139	Ac_35	Ac	JJ	7.24 	2.86 	2.55 	26.22 	11.17 	48.83 	4.08 	3.74 	170.00 	223.50 	0.76 	16.00 	36.62 	26.23 
151	N0140	Ac_36	Ac	JJ	8.87 	2.75 	3.25 	21.69 	6.83 	21.00 	1.85 	1.47 	54.50 	118.33 	0.46 	9.50 	15.56 	5.76 
152	N0141	Ac_37	Ac	JJ	7.70 	2.85 	2.71 	25.52 	8.67 	29.83 	2.73 	2.51 	105.33 	131.83 	0.80 	10.83 	21.61 	14.05 
153	N0142	Ac_38	Ac	JJ	8.71 	2.65 	3.31 	25.70 	8.33 	25.33 	1.79 	1.50 	53.17 	72.83 	0.73 	10.33 	10.36 	3.36 
154	N0143	Ac_39	Ac	JJ	8.18 	2.74 	3.00 	21.13 	11.00 	35.00 	2.67 	2.27 	88.67 	182.00 	0.49 	14.50 	36.05 	23.44 
155	N0144	Ac_40	Ac	JJ	7.77 	2.80 	2.80 	22.65 	7.83 	26.50 	1.62 	1.25 	45.00 	126.50 	0.36 	11.50 	12.82 	3.78 
156	N0145	Ac_41	Ac	JJ	8.01 	3.00 	2.68 	22.37 	7.33 	36.00 	2.91 	2.45 	93.67 	151.67 	0.62 	NA	NA	NA
157	NA	Ac_42	Ac	JJ	NA	NA	NA	NA	NA	NA	NA	NA	NA	NA	NA	NA	NA	NA
158	N0146	Ac_43	Ac	JJ	7.76 	3.09 	2.54 	19.60 	8.50 	31.00 	2.57 	2.23 	76.83 	145.17 	0.53 	9.17 	18.09 	9.81 
159	N0147	Ac_44	Ac	JJ	7.74 	2.69 	2.89 	23.42 	11.67 	42.17 	4.69 	4.39 	191.83 	214.67 	0.89 	17.83 	58.62 	48.60 
160	N0148	Ac_45	Ac	JJ	8.31 	3.16 	2.66 	21.84 	6.50 	17.17 	1.80 	1.53 	46.00 	84.83 	0.54 	9.00 	15.24 	8.10 
161	N0149	Ac_46	Ac	JJ	8.18 	2.72 	3.02 	17.60 	6.33 	17.83 	1.36 	1.12 	44.00 	91.67 	0.48 	18.83 	23.00 	13.12 
162	N0150	Ac_47	Ac	JJ	6.84 	3.28 	2.09 	20.27 	8.17 	24.00 	1.85 	1.56 	56.67 	115.67 	0.49 	9.33 	15.10 	7.71 
163	NA	Ac_48	Ac	JJ	7.68 	2.91 	2.65 	20.87 	14.00 	61.00 	3.10 	2.49 	124.00 	305.33 	0.41 	12.00 	43.62 	29.92 
164	N0151	Ac_49	Ac	JJ	7.95 	2.92 	2.74 	27.18 	10.00 	31.67 	2.44 	2.11 	77.33 	96.50 	0.80 	8.83 	15.83 	7.58 
165	N0152	Ac_50	Ac	JJ	7.62 	2.91 	2.63 	20.78 	10.17 	36.50 	2.86 	2.53 	99.50 	173.83 	0.57 	8.50 	15.91 	9.35 
166	N0153	Ac_51	Ac	JJ	8.48 	2.78 	3.06 	25.00 	9.33 	30.67 	2.90 	2.63 	102.83 	111.00 	0.93 	14.83 	34.24 	25.23 
167	N0154	Ac_52	Ac	JJ	7.81 	2.76 	2.88 	24.30 	7.33 	33.67 	2.41 	2.12 	93.33 	150.83 	0.62 	14.50 	26.89 	17.79 
168	N0155	Ac_53	Ac	JJ	7.95 	2.83 	2.82 	23.96 	7.17 	27.50 	2.28 	2.05 	95.00 	135.83 	0.70 	14.67 	28.37 	19.52 
169	N0156	Ac_54	Ac	JJ	8.21 	2.21 	3.74 	21.43 	8.33 	28.17 	2.23 	2.06 	105.33 	137.50 	0.77 	12.17 	30.28 	21.94 
170	N0157	Ac_55	Ac	JJ	8.37 	2.82 	2.98 	22.14 	8.00 	35.83 	2.90 	2.33 	85.67 	172.33 	0.50 	15.00 	27.58 	15.39 
171	N0158	Ac_56	Ac	JJ	7.99 	3.02 	2.66 	15.11 	7.33 	22.00 	0.78 	0.40 	9.83 	82.67 	0.12 	11.67 	8.04 	1.04 
172	N0159	Ac_57	Ac	JJ	7.60 	2.81 	2.72 	22.68 	8.00 	33.17 	2.81 	2.53 	110.50 	167.83 	0.66 	13.67 	23.02 	12.93 
173	N0160	Ac_58	Ac	JJ	8.32 	2.96 	2.83 	22.42 	8.50 	27.50 	2.45 	2.05 	69.33 	143.00 	0.48 	16.83 	28.56 	16.39 
174	N0161	Ac_59	Ac	JJ	6.87 	2.69 	2.57 	25.51 	11.50 	44.33 	2.16 	1.80 	93.50 	155.83 	0.60 	9.17 	13.64 	6.15 
175	N0162	Ac_60	Ac	JJ	9.30 	2.58 	3.63 	24.23 	9.33 	34.67 	2.72 	2.27 	79.17 	164.83 	0.48 	21.17 	34.76 	21.95 
176	NA	Ad_0	Ad	JI	9.08 	1.99 	4.61 	25.72 	11.50 	39.67 	3.77 	3.44 	174.00 	206.83 	0.84 	17.83 	56.01 	43.40 
177	N0163	Ad_1	Ad	JI	8.20 	2.68 	3.08 	21.42 	9.83 	19.17 	0.77 	0.57 	22.83 	49.83 	0.46 	NA	NA	NA
178	N0164	Ad_2	Ad	JI	7.47 	2.51 	2.99 	17.32 	7.33 	18.33 	0.87 	0.70 	27.67 	79.50 	0.35 	NA	NA	NA
179	N0165	Ad_3	Ad	JI	7.83 	2.90 	2.72 	21.12 	7.17 	23.17 	1.91 	1.63 	56.17 	103.50 	0.54 	NA	NA	NA
180	N0166	Ad_4	Ad	JI	7.48 	2.77 	2.71 	23.16 	12.50 	48.83 	4.90 	4.49 	180.67 	249.00 	0.73 	12.00 	73.71 	62.90 
181	N0167	Ad_5	Ad	JI	8.04 	2.76 	2.92 	21.26 	10.33 	35.33 	4.10 	3.86 	148.67 	161.33 	0.92 	11.33 	28.10 	21.80 
182	N0168	Ad_6	Ad	JI	6.81 	2.62 	2.61 	19.20 	8.50 	15.50 	1.52 	1.41 	74.00 	82.83 	0.89 	22.83 	30.15 	22.52 
183	NA	Ad_7	Ad	JI	NA	NA	NA	NA	NA	NA	NA	NA	NA	NA	NA	NA	NA	NA
184	N0169	Ad_8	Ad	JI	6.10 	2.73 	2.24 	18.17 	11.83 	23.83 	1.05 	0.81 	43.67 	125.33 	0.35 	8.67 	9.96 	2.60 
185	N0170	Ad_9	Ad	JI	8.07 	2.50 	3.25 	24.43 	9.50 	31.33 	3.03 	2.80 	133.50 	152.67 	0.87 	16.50 	36.74 	27.72 
186	N0171	Ad_10	Ad	JI	8.27 	3.25 	2.56 	21.60 	5.67 	29.00 	2.87 	2.54 	85.00 	125.00 	0.68 	10.17 	29.13 	20.82 
187	NA	Ad_11	Ad	JI	NA	NA	NA	NA	NA	NA	NA	NA	NA	NA	NA	NA	NA	NA
188	NA	Ad_12	Ad	JI	NA	NA	NA	NA	NA	NA	NA	NA	NA	NA	NA	NA	NA	NA
189	N0172	Ad_13	Ad	JI	8.63 	2.55 	3.42 	25.09 	10.17 	34.33 	1.23 	0.78 	23.83 	143.00 	0.17 	17.00 	19.47 	5.86 
190	N0173	Ad_14	Ad	JI	7.67 	2.56 	3.00 	21.68 	6.83 	21.50 	1.40 	1.17 	59.83 	95.67 	0.63 	24.50 	30.31 	16.80 
191	N0174	Ad_15	Ad	JI	7.26 	3.08 	2.37 	17.43 	5.00 	14.50 	0.80 	0.66 	23.83 	65.83 	0.36 	15.83 	13.04 	4.48 
192	N0175	Ad_16	Ad	JI	7.61 	3.01 	2.54 	17.78 	6.83 	23.83 	2.31 	2.10 	81.00 	110.00 	0.74 	8.33 	21.50 	13.83 
193	N0176	Ad_17	Ad	JI	7.28 	3.38 	2.16 	22.18 	6.00 	15.33 	1.93 	1.80 	66.83 	78.67 	0.85 	17.50 	26.92 	19.76 
194	N0177	Ad_18	Ad	JI	6.91 	2.96 	2.34 	22.53 	10.33 	46.67 	4.23 	3.90 	174.17 	211.83 	0.82 	NA	NA	NA
195	N0178	Ad_19	Ad	JI	8.11 	2.88 	2.83 	18.42 	9.17 	29.17 	2.82 	2.61 	101.50 	126.00 	0.81 	15.83 	37.75 	28.97 
196	N0179	Ad_20	Ad	JI	8.49 	3.14 	2.72 	24.18 	12.33 	39.33 	5.40 	5.11 	173.67 	191.00 	0.91 	12.17 	61.19 	53.07 
197	N0180	Ad_21	Ad	JI	7.58 	3.27 	2.33 	22.57 	14.67 	47.33 	7.08 	6.80 	244.67 	255.67 	0.96 	7.67 	43.97 	36.84 
198	N0181	Ad_22	Ad	JI	7.71 	2.67 	2.90 	25.27 	9.33 	51.67 	3.76 	3.26 	137.67 	185.67 	0.74 	NA	NA	NA
199	N0182	Ad_23	Ad	JI	8.60 	3.04 	2.85 	21.98 	6.17 	16.50 	2.26 	2.03 	60.33 	77.17 	0.78 	13.33 	20.36 	12.52 
